-0.003438
0.003280
0.024313
0.019382
0.028165
0.055310
0.042360
0.046858
0.064867
0.080317
0.077813
0.072959
0.076498
0.101166
0.136988
0.146990
0.130170
0.109564
0.121143
0.154222
0.187254
0.183802
0.184990
0.183968
0.201014
0.222336
0.196873
0.182712
0.201414
0.236692
0.238596
0.264365
0.284596
0.242324
0.248054
0.270628
0.300148
0.304283
0.280519
0.284516
0.319469
0.319287
0.300331
0.328649
0.368943
0.372678
0.349810
0.351324
0.375903
0.383379
0.389821
0.391978
0.374103
0.374429
0.397419
0.415672
0.409697
0.412500
0.409990
0.431159
0.448748
0.443061
0.441289
0.441520
0.462197
0.486384
0.493766
0.521054
0.511652
0.507829
0.526764
0.519586
0.510086
0.527399
0.551825
0.551319
0.557514
0.574037
0.563697
0.529484
0.524835
0.559530
0.582782
0.586693
0.590384
0.610607
0.606260
0.599814
0.599641
0.595763
0.604232
0.611820
0.624312
0.639036
0.646533
0.655731
0.652691
0.655024
0.665393
0.684040
0.689970
0.679306
0.677314
0.690631
0.685841
0.704852
0.719935
0.717062
0.727780
0.712555
0.703092
0.741011
0.767862
0.754572
0.748852
0.772662
0.780553
0.765859
0.753072
0.748644
0.752903
0.772724
0.774107
0.785864
0.787891
0.784151
0.786348
0.789894
0.793278
0.795772
0.798067
0.815964
0.834972
0.820837
0.829439
0.830682
0.853199
0.872006
0.840067
0.837457
0.847013
0.844220
0.850816
0.854914
0.866872
0.870074
0.853425
0.861743
0.867941
0.862921
0.848178
0.856446
0.878187
0.872141
0.866801
0.893305
0.896378
0.900118
0.886648
0.880484
0.881673
0.889888
0.897400
0.886252
0.883241
0.913646
0.933643
0.908525
0.898242
0.919594
0.905265
0.884113
0.895019
0.925092
0.919261
0.902086
0.917473
0.930124
0.936382
0.943695
0.945901
0.948045
0.932525
0.907640
0.918403
0.938206
0.940417
0.948919
0.934556
0.934005
0.948829
0.929697
0.929906
0.943899
0.944198
0.948914
0.943842
0.919422
0.943354
0.948287
0.920868
0.926726
0.925563
0.938736
0.937400
0.922094
0.936452
0.960188
0.939400
0.934307
0.939214
0.916804
0.923308
0.940853
0.943076
0.939148
0.945270
0.928930
0.908174
0.905828
0.920957
0.926219
0.913251
0.918728
0.922793
0.920695
0.930976
0.912987
0.893697
0.897725
0.904600
0.900562
0.910626
0.926597
0.936769
0.943395
0.915506
0.905862
0.906982
0.899453
0.887875
0.897134
0.914330
0.899126
0.852727
0.844227
0.860236
0.862152
0.861956
0.860963
0.879224
0.876961
0.862006
0.841759
0.842051
0.859065
0.844963
0.840813
0.863061
0.853625
0.838841
0.846678
0.847241
0.836621
0.821275
0.824107
0.839238
0.825991
0.800525
0.783071
0.807368
0.829422
0.806411
0.770224
0.766085
0.788572
0.758878
0.770707
0.794348
0.752853
0.739712
0.751134
0.762630
0.787326
0.792496
0.762267
0.743396
0.734348
0.717253
0.702098
0.711110
0.735786
0.731425
0.739201
0.712150
0.684992
0.714998
0.699326
0.684550
0.691568
0.667303
0.675537
0.675400
0.666119
0.655122
0.630297
0.634621
0.637526
0.628630
0.600190
0.587096
0.608286
0.631954
0.640914
0.623911
0.592516
0.592612
0.586972
0.558134
0.560291
0.573945
0.551606
0.535806
0.545181
0.542339
0.524686
0.528175
0.521698
0.513389
0.518252
0.511484
0.497957
0.494863
0.476865
0.478530
0.476649
0.461799
0.465883
0.454308
0.412317
0.422568
0.447147
0.437770
0.425608
0.423663
0.397643
0.366591
0.367649
0.379206
0.377543
0.361871
0.342182
0.335197
0.340968
0.360776
0.338231
0.324162
0.328202
0.309174
0.290164
0.292374
0.288346
0.281311
0.265035
0.232664
0.233630
0.230953
0.213481
0.233724
0.224718
0.209199
0.214306
0.197971
0.184279
0.180325
0.202120
0.195599
0.171183
0.152427
0.160086
0.163644
0.149302
0.129137
0.123754
0.125222
0.118150
0.129478
0.113667
0.098194
0.104853
0.090751
0.055149
0.064536
0.070230
0.027119
0.040732
0.034555
0.003764
0.010108
0.027519
0.009213
-0.001454
-0.007333
-0.044159
-0.051903
-0.045349
-0.032378
-0.031052
-0.074361
-0.092587
-0.104608
-0.093650
-0.097785
-0.112048
-0.118765
-0.121020
-0.125898
-0.147908
-0.144139
-0.143360
-0.177455
-0.186471
-0.206945
-0.195254
-0.182699
-0.200016
-0.195349
-0.204853
-0.209221
-0.206443
-0.222136
-0.232991
-0.217641
-0.242901
-0.278245
-0.291880
-0.289070
-0.293210
-0.288372
-0.302480
-0.314200
-0.329558
-0.331371
-0.317721
-0.346016
-0.355086
-0.338283
-0.336262
-0.348745
-0.378151
-0.412097
-0.400527
-0.395301
-0.388659
-0.387334
-0.426197
-0.441799
-0.439259
-0.440424
-0.451902
-0.455091
-0.455035
-0.457588
-0.465960
-0.442707
-0.446768
-0.476383
-0.480274
-0.490439
-0.487486
-0.506783
-0.521049
-0.532609
-0.549192
-0.542149
-0.548995
-0.560947
-0.570638
-0.586260
-0.576097
-0.573002
-0.575840
-0.586895
-0.601834
-0.586969
-0.600439
-0.616069
-0.616209
-0.615594
-0.611800
-0.631641
-0.621261
-0.608297
-0.634263
-0.652822
-0.651456
-0.667493
-0.671162
-0.650663
-0.658789
-0.686473
-0.686230
-0.687812
-0.696625
-0.708582
-0.692164
-0.706592
-0.718977
-0.730187
-0.737313
-0.712411
-0.714106
-0.745355
-0.747288
-0.743067
-0.746554
-0.739492
-0.755598
-0.772630
-0.756266
-0.768936
-0.780733
-0.810817
-0.832383
-0.804397
-0.803007
-0.788448
-0.768799
-0.803010
-0.823949
-0.814420
-0.823523
-0.831764
-0.821822
-0.836611
-0.857394
-0.864330
-0.867722
-0.847570
-0.867969
-0.855968
-0.841176
-0.847440
-0.854966
-0.852376
-0.866553
-0.867899
-0.869352
-0.869988
-0.862617
-0.860750
-0.867434
-0.871784
-0.878273
-0.893283
-0.889203
-0.866906
-0.886219
-0.916285
-0.901502
-0.874362
-0.898509
-0.911066
-0.906253
-0.900127
-0.908572
-0.905151
-0.885748
-0.898970
-0.918311
-0.917164
-0.925788
-0.943310
-0.931571
-0.904916
-0.900665
-0.919025
-0.927108
-0.923678
-0.932303
-0.931841
-0.923826
-0.950694
-0.956933
-0.937331
-0.913177
-0.913667
-0.937684
-0.925044
-0.919423
-0.926849
-0.933122
-0.938714
-0.918119
-0.906145
-0.936090
-0.942260
-0.937334
-0.955826
-0.930173
-0.913809
-0.931882
-0.949572
-0.956646
-0.944662
-0.927702
-0.940978
-0.943686
-0.935094
-0.970322
-0.968847
-0.943764
-0.925923
-0.947641
-0.924634
-0.915837
-0.938604
-0.921086
-0.930851
-0.937442
-0.939602
-0.928180
-0.917129
-0.929031
-0.937162
-0.939519
-0.926868
-0.927394
-0.923320
-0.928287
-0.915904
-0.901146
-0.903405
-0.903128
-0.900956
-0.891755
-0.887731
-0.894877
-0.906297
-0.893241
-0.886118
-0.894806
-0.889722
-0.891298
-0.877203
-0.881976
-0.898714
-0.913842
-0.922844
-0.893800
-0.878270
-0.885421
-0.873791
-0.874753
-0.872056
-0.867211
-0.872285
-0.851264
-0.855096
-0.862966
-0.857370
-0.860046
-0.821898
-0.786449
-0.806433
-0.831918
-0.819013
-0.816625
-0.826363
-0.829114
-0.838899
-0.805719
-0.780727
-0.788358
-0.790923
-0.782418
-0.758908
-0.752894
-0.776805
-0.757002
-0.752030
-0.780565
-0.775022
-0.754959
-0.766639
-0.766007
-0.758840
-0.746540
-0.732582
-0.716229
-0.733086
-0.738760
-0.722704
-0.737110
-0.739245
-0.725391
-0.723559
-0.699139
-0.671506
-0.675782
-0.681143
-0.676028
-0.662374
-0.656846
-0.672673
-0.674574
-0.659451
-0.634267
-0.637112
-0.632543
-0.625846
-0.625975
-0.618700
-0.600318
-0.586292
-0.590061
-0.597031
-0.596300
-0.580253
-0.562442
-0.549063
-0.545962
-0.556521
-0.550620
-0.516212
-0.537040
-0.556304
-0.517662
-0.513683
-0.502596
-0.496367
-0.493020
-0.504609
-0.493464
-0.474815
-0.479854
-0.479826
-0.465182
-0.439350
-0.424315
-0.398206
-0.420837
-0.439229
-0.421044
-0.397629
-0.399283
-0.415369
-0.399882
-0.381695
-0.377245
-0.392106
-0.378606
-0.331087
-0.321614
-0.317456
-0.289607
-0.310581
-0.343015
-0.314155
-0.291558
-0.268546
-0.271783
-0.282627
-0.272918
-0.257597
-0.239316
-0.250346
-0.248981
-0.233668
-0.220132
-0.217623
-0.218902
-0.199831
-0.183035
-0.178687
-0.200430
-0.186805
-0.159571
-0.141024
-0.137395
-0.135189
-0.129551
-0.128630
-0.124319
-0.103953
-0.079935
-0.097491
-0.126948
-0.089067
-0.046328
-0.075325
-0.077252
-0.056652
-0.045939
-0.042343
-0.042107
-0.048585
-0.022749
0.000715
0.000027
-0.010528
-0.004769
0.032087
0.040635
0.051613
0.068701
0.048744
0.045107
0.060893
0.098654
0.100698
0.096171
0.116805
0.100793
0.098024
0.115409
0.127669
0.140331
0.148749
0.166634
0.155229
0.164567
0.180960
0.174453
0.184704
0.200015
0.197583
0.197210
0.221009
0.233922
0.237509
0.243321
0.254579
0.269769
0.259314
0.266105
0.282357
0.283901
0.297808
0.318369
0.326196
0.335722
0.330277
0.338750
0.342323
0.353934
0.382551
0.358672
0.350959
0.376512
0.396443
0.405484
0.397386
0.389222
0.395116
0.414225
0.405737
0.416496
0.440581
0.423328
0.456181
0.472845
0.453037
0.456658
0.461710
0.465882
0.472078
0.467243
0.491671
0.529980
0.552799
0.540734
0.520714
0.518629
0.528686
0.525112
0.539151
0.546467
0.537505
0.551067
0.584674
0.590171
0.575116
0.575641
0.596024
0.611153
0.612967
0.603269
0.617067
0.634419
0.616601
0.606878
0.618526
0.630192
0.643279
0.659893
0.676551
0.670944
0.667406
0.683343
0.674007
0.654404
0.661729
0.681060
0.692539
0.698550
0.696475
0.702599
0.711579
0.724814
0.737399
0.728988
0.736458
0.757262
0.751988
0.754756
0.760708
0.750412
0.758769
0.791608
0.804921
0.779043
0.789735
0.790676
0.770683
0.784692
0.780182
0.795681
0.809311
0.800270
0.808307
0.828878
0.809978
0.806378
0.830912
0.833736
0.834573
0.828650
0.837896
0.860087
0.843058
0.828137
0.847518
0.856983
0.875305
0.886931
0.872615
0.860448
0.863647
0.850273
0.863953
0.890216
0.896658
0.895473
0.895850
0.890384
0.882496
0.872000
0.895364
0.888039
0.881454
0.883149
0.898070
0.922830
0.909673
0.884743
0.889419
0.904117
0.922795
0.910082
0.903597
0.916127
0.915815
0.933411
0.934503
0.934739
0.918525
0.903365
0.914282
0.937019
0.918160
0.914024
0.934886
0.926617
0.926694
0.913709
0.910088
0.947892
0.941559
0.928127
0.920610
0.920781
0.943216
0.945207
0.932939
0.930499
0.929683
0.951718
0.955670
0.940703
0.940778
0.938039
0.946904
0.962632
0.938669
0.923999
0.933990
0.946503
0.938785
0.926520
0.920999
0.928824
0.936520
0.920724
0.906334
0.919351
0.927116
0.910096
0.910745
0.923893
0.940793
0.943841
0.927700
0.915179
0.929204
0.922141
0.887347
0.880947
0.905061
0.919981
0.911296
0.906695
0.922460
0.918949
0.904196
0.903293
0.924861
0.904611
0.892442
0.912657
0.901656
0.882932
0.867883
0.871635
0.881905
0.867286
0.879640
0.865829
0.853234
0.876128
0.867029
0.872301
0.882452
0.879099
0.864251
0.855643
0.846965
0.836191
0.834069
0.834630
0.849799
0.855253
0.847604
0.839510
0.828888
0.828325
0.832386
0.817751
0.812847
0.815434
0.793878
0.784231
0.797916
0.805661
0.818939
0.791885
0.781077
0.783045
0.769228
0.770396
0.778986
0.774665
0.765324
0.745472
0.742690
0.751542
0.757064
0.736751
0.709929
0.709862
0.717927
0.720521
0.727405
0.700508
0.679018
0.691580
0.681457
0.686514
0.714155
0.687661
0.663363
0.666702
0.661040
0.658796
0.664361
0.664668
0.667122
0.634954
0.628148
0.620864
0.608823
0.610484
0.601144
0.610898
0.606555
0.597517
0.589423
0.594366
0.595526
0.592770
0.573311
0.550076
0.551734
0.567004
0.539905
0.495766
0.523828
0.517046
0.514870
0.531942
0.509840
0.483893
0.471078
0.461408
0.447941
0.469119
0.485463
0.448667
0.444404
0.435381
0.423263
0.404221
0.401098
0.418023
0.409461
0.396587
0.382701
0.384407
0.371501
0.342129
0.359517
0.369983
0.362360
0.335224
0.326047
0.344127
0.320930
0.287247
0.302194
0.318756
0.298445
0.296095
0.289488
0.266852
0.268779
0.251435
0.234440
0.241805
0.248370
0.243652
0.213080
0.206317
0.222090
0.226354
0.203611
0.192842
0.199185
0.184191
0.166541
0.171956
0.161947
0.146341
0.124642
0.111945
0.127561
0.125832
0.111972
0.093474
0.074972
0.104277
0.101823
0.065589
0.039686
0.048573
0.057083
0.049516
0.033798
0.014261
0.021889
0.033518
0.002830
-0.017268
-0.011607
-0.017910
-0.018119
-0.023253
-0.034652
-0.040916
-0.057514
-0.076726
-0.087904
-0.082402
-0.084345
-0.097162
-0.099406
-0.113951
-0.117310
-0.119980
-0.151104
-0.171419
-0.166568
-0.154623
-0.161046
-0.185335
-0.195080
-0.202586
-0.202926
-0.218318
-0.237635
-0.251264
-0.230186
-0.230589
-0.242254
-0.243243
-0.258310
-0.279655
-0.254723
-0.252966
-0.283101
-0.308969
-0.335625
-0.324980
-0.328780
-0.328634
-0.293528
-0.312828
-0.349291
-0.354414
-0.354721
-0.378396
-0.399797
-0.388308
-0.384108
-0.393261
-0.423402
-0.438052
-0.421853
-0.426554
-0.424480
-0.415339
-0.435785
-0.450642
-0.439555
-0.455874
-0.477235
-0.471456
-0.475034
-0.486682
-0.490896
-0.481563
-0.497817
-0.521177
-0.523739
-0.524998
-0.532451
-0.549000
-0.549765
-0.563530
-0.569763
-0.567767
-0.578133
-0.579213
-0.555356
-0.591145
-0.621947
-0.608388
-0.625045
-0.625440
-0.635019
-0.618786
-0.609224
-0.624128
-0.641734
-0.645006
-0.641426
-0.672870
-0.682544
-0.655835
-0.651142
-0.659775
-0.662704
-0.679624
-0.703000
-0.702476
-0.703065
-0.725661
-0.734308
-0.715183
-0.711878
-0.736691
-0.725288
-0.719460
-0.743473
-0.774052
-0.767023
-0.749855
-0.763171
-0.760130
-0.746234
-0.759873
-0.783799
-0.792999
-0.795890
-0.777076
-0.777453
-0.789627
-0.823807
-0.836201
-0.829728
-0.820253
-0.824592
-0.817857
-0.808749
-0.804407
-0.812028
-0.829712
-0.833408
-0.831163
-0.810962
-0.818287
-0.850791
-0.864517
-0.867069
-0.853151
-0.855700
-0.868910
-0.878773
-0.857697
-0.853001
-0.875696
-0.879866
-0.852623
-0.874630
-0.886439
-0.881457
-0.887398
-0.887541
-0.893609
-0.900210
-0.911708
-0.912400
-0.905302
-0.899524
-0.889763
-0.913420
-0.907391
-0.898138
-0.914025
-0.922804
-0.912161
-0.917836
-0.944387
-0.933460
-0.921849
-0.934447
-0.931211
-0.933949
-0.950279
-0.936744
-0.928206
-0.927032
-0.939990
-0.948357
-0.951913
-0.947531
-0.944721
-0.943646
-0.938133
-0.930237
-0.949240
-0.936372
-0.904824
-0.890965
-0.921564
-0.957752
-0.957046
-0.939696
-0.946678
-0.943499
-0.944960
-0.937271
-0.932613
-0.939079
-0.937311
-0.940831
-0.946925
-0.936243
-0.904371
-0.903862
-0.922871
-0.925210
-0.910090
-0.904522
-0.931045
-0.954042
-0.912357
-0.893582
-0.916110
-0.929386
-0.938763
-0.921783
-0.917603
-0.923160
-0.925932
-0.923179
-0.920479
-0.923450
-0.917994
-0.926858
-0.921337
-0.917581
-0.904452
-0.900689
-0.907791
-0.908991
-0.908666
-0.907213
-0.904488
-0.887156
-0.879062
-0.882007
-0.886315
-0.883721
-0.896929
-0.894561
-0.885037
-0.899490
-0.896097
-0.869400
-0.872594
-0.882976
-0.883201
-0.888019
-0.870575
-0.890712
-0.886991
-0.869119
-0.883956
-0.866572
-0.859385
-0.858418
-0.833389
-0.823586
-0.809600
-0.801919
-0.819765
-0.835702
-0.825672
-0.819590
-0.810785
-0.806752
-0.812008
-0.803204
-0.801776
-0.808945
-0.790063
-0.776473
-0.767021
-0.755715
-0.758165
-0.760331
-0.766790
-0.760184
-0.747435
-0.759570
-0.764294
-0.741399
-0.732604
-0.729487
-0.728037
-0.728186
-0.715366
-0.717638
-0.707387
-0.694900
-0.690046
-0.697685
-0.687632
-0.659575
-0.646526
-0.652740
-0.671359
-0.665077
-0.628503
-0.642857
-0.666856
-0.654521
-0.646469
-0.654250
-0.627738
-0.627613
-0.628755
-0.634023
-0.608968
-0.610516
-0.636277
-0.612693
-0.590500
-0.584656
-0.565601
-0.580643
-0.575422
-0.536770
-0.536441
-0.528975
-0.531721
-0.534452
-0.522425
-0.521100
-0.520233
-0.505713
-0.488477
-0.492473
-0.504147
-0.489605
-0.493256
-0.488685
-0.469272
-0.456317
-0.447068
-0.441642
-0.419605
-0.431064
-0.421925
-0.410164
-0.406262
-0.396407
-0.372985
-0.345728
-0.364504
-0.382663
-0.364701
-0.333688
-0.345538
-0.349726
-0.329948
-0.330285
-0.321958
-0.300489
-0.301393
-0.307499
-0.299227
-0.268037
-0.282861
-0.308174
-0.272054
-0.250911
-0.244600
-0.220316
-0.228330
-0.223020
-0.208204
-0.209836
-0.183032
-0.180174
-0.183211
-0.171179
-0.176671
-0.173405
-0.158757
-0.159353
-0.164594
-0.149897
-0.131569
-0.132205
-0.110456
-0.098543
-0.110746
-0.092537
-0.062223
-0.056790
-0.060882
-0.064263
-0.064197
-0.044492
-0.045872
-0.035708
-0.018724
-0.018441
0.003955
-0.018844
-0.033858
0.036434
0.059798
0.033182
0.048667
0.061197
0.051306
0.058252
0.097402
0.105371
0.076474
0.100487
0.118019
0.143723
0.146370
0.134799
0.135424
0.137208
0.144011
0.145082
0.159012
0.188850
0.169510
0.184625
0.197493
0.203095
0.219039
0.244085
0.243539
0.224780
0.234373
0.246343
0.269894
0.295071
0.283850
0.278463
0.274522
0.270386
0.287092
0.292318
0.312253
0.323556
0.329262
0.314974
0.331379
0.352343
0.344506
0.363671
0.393319
0.392109
0.371550
0.378300
0.399211
0.399556
0.412982
0.441246
0.453656
0.462019
0.444162
0.422878
0.456938
0.446563
0.436165
0.464296
0.490694
0.499241
0.474444
0.455865
0.472818
0.490453
0.510564
0.530221
0.534571
0.529834
0.530328
0.530469
0.558494
0.557998
0.531404
0.584603
0.596806
0.558286
0.574181
0.587229
0.594648
0.595304
0.597390
0.612987
0.633379
0.654361
0.650036
0.642672
0.650509
0.653046
0.655365
0.647978
0.666576
0.657687
0.671539
0.687477
0.657769
0.675753
0.703708
0.712190
0.703876
0.681338
0.688902
0.707268
0.697127
0.697875
0.728003
0.743322
0.724870
0.726246
0.739955
0.735637
0.736956
0.739012
0.780359
0.798849
0.767344
0.767614
0.796502
0.779595
0.764624
0.797750
0.790565
0.808168
0.839488
0.818063
0.809947
0.806746
0.819804
0.832529
0.810256
0.791228
0.787344
0.818623
0.849097
0.838831
0.845056
0.860522
0.853677
0.841452
0.847604
0.855673
0.852329
0.858065
0.866836
0.855825
0.876149
0.879618
0.877977
0.893369
0.886325
0.875543
0.872836
0.874594
0.865171
0.861547
0.878325
0.893103
0.903201
0.897635
0.893614
0.919040
0.925630
0.912484
0.914893
0.891351
0.887181
0.927432
0.915638
0.901007
0.923510
0.931744
0.916921
0.917426
0.913102
0.908112
0.925948
0.930303
0.938717
0.940058
0.918743
0.939899
0.939441
0.922923
0.939840
0.939636
0.943212
0.955885
0.955732
0.949541
0.935685
0.926314
0.926586
0.934538
0.919713
0.920751
0.936277
0.935257
0.941195
0.931915
0.918867
0.926694
0.947434
0.941538
0.933248
0.934219
0.932538
0.947606
0.933946
0.923896
0.946227
0.928520
0.923334
0.925225
0.937468
0.935365
0.915178
0.927117
0.921590
0.909606
0.900558
0.914247
0.914703
0.887784
0.887162
0.878790
0.897019
0.919936
0.918656
0.918390
0.908885
0.916773
0.893249
0.887576
0.894382
0.884449
0.889987
0.894351
0.905573
0.917816
0.893807
0.876728
0.884220
0.876165
0.874509
0.864107
0.869539
0.882266
0.885784
0.890730
0.869440
0.865008
0.845205
0.835924
0.833477
0.832609
0.814449
0.815159
0.832368
0.833281
0.813616
0.803215
0.812616
0.812783
0.814530
0.824821
0.812494
0.807326
0.795655
0.801246
0.792331
0.788927
0.782403
0.751762
0.734394
0.750630
0.774560
0.792433
0.764662
0.735557
0.738878
0.733060
0.731691
0.738891
0.736211
0.734062
0.735770
0.722114
0.687090
0.680603
0.684130
0.700576
0.708976
0.699219
0.695884
0.693244
0.658889
0.648987
0.670678
0.659981
0.625130
0.614200
0.631648
0.626645
0.620368
0.615286
0.612842
0.585954
0.571067
0.575365
0.575033
0.578456
0.597991
0.571971
0.555348
0.562759
0.553825
0.545699
0.530021
0.524696
0.523334
0.521458
0.534659
0.518571
0.525187
0.531677
0.491283
0.459756
0.472847
0.492888
0.474600
0.466658
0.463037
0.462968
0.461523
0.456448
0.430099
0.421780
0.410702
0.394103
0.393530
0.378581
0.369623
0.386656
0.393741
0.347393
0.334076
0.359828
0.363461
0.354851
0.333736
0.307818
0.289439
0.297852
0.316167
0.290442
0.284810
0.302475
0.295979
0.284924
0.278442
0.265787
0.231861
0.233706
0.224229
0.221227
0.226949
0.214596
0.218211
0.212883
0.188784
0.176881
0.182714
0.169948
0.157425
0.163149
0.145923
0.134245
0.132534
0.136385
0.124356
0.101875
0.072515
0.066022
0.090100
0.084411
0.065642
0.074567
0.061786
0.029525
0.012782
0.001869
0.004591
0.013880
0.022908
0.032006
-0.014611
-0.036322
-0.034686
-0.035189
-0.064491
-0.087933
-0.045540
-0.034454
-0.055263
-0.083687
-0.087882
-0.069800
-0.096919
-0.124463
-0.145203
-0.149610
-0.109511
-0.120035
-0.171596
-0.172402
-0.146714
-0.163205
-0.188468
-0.188140
-0.183421
-0.199303
-0.216018
-0.216189
-0.203045
-0.211897
-0.259391
-0.259379
-0.240079
-0.250513
-0.258993
-0.254061
-0.255928
-0.283278
-0.286192
-0.289701
-0.285575
-0.287916
-0.322579
-0.344832
-0.357642
-0.357805
-0.359141
-0.346226
-0.366477
-0.385475
-0.386160
-0.361945
-0.385275
-0.405313
-0.384976
-0.391530
-0.414797
-0.421152
-0.419643
-0.432433
-0.457133
-0.479280
-0.467747
-0.445386
-0.452903
-0.505570
-0.515175
-0.492461
-0.508943
-0.501536
-0.508762
-0.524666
-0.524643
-0.536837
-0.543422
-0.530458
-0.528569
-0.539107
-0.552252
-0.565718
-0.584649
-0.601850
-0.589827
-0.564171
-0.567162
-0.606305
-0.631766
-0.629119
-0.612634
-0.618398
-0.624741
-0.629882
-0.646618
-0.655209
-0.643133
-0.654738
-0.679675
-0.687887
-0.687469
-0.677791
-0.680443
-0.709196
-0.709678
-0.700559
-0.694176
-0.681999
-0.704027
-0.716185
-0.732495
-0.728015
-0.733506
-0.736653
-0.727060
-0.728152
-0.755434
-0.782485
-0.768896
-0.765808
-0.774891
-0.776806
-0.785143
-0.783545
-0.784584
-0.789607
-0.793880
-0.817513
-0.819501
-0.800312
-0.823618
-0.822653
-0.816350
-0.830390
-0.820536
-0.816440
-0.809849
-0.835613
-0.858804
-0.854612
-0.852940
-0.846199
-0.851214
-0.865747
-0.862201
-0.845814
-0.859101
-0.876299
-0.896033
-0.885822
-0.859344
-0.883746
-0.909213
-0.881318
-0.881668
-0.905586
-0.897178
-0.900342
-0.915322
-0.927807
-0.922548
-0.901984
-0.892620
-0.900356
-0.911144
-0.907316
-0.885943
-0.892835
-0.921880
-0.938099
-0.937137
-0.910323
-0.912624
-0.914629
-0.928800
-0.950045
-0.937329
-0.941758
-0.940850
-0.935322
-0.937003
-0.945472
-0.945039
-0.946891
-0.940072
-0.938955
-0.946306
-0.933862
-0.914893
-0.918933
-0.962658
-0.980897
-0.974297
-0.956899
-0.935583
-0.943058
-0.951953
-0.946198
-0.946433
-0.953644
-0.952474
-0.924123
-0.923268
-0.946578
-0.952945
-0.947359
-0.952993
-0.968668
-0.969931
-0.947874
-0.939426
-0.943472
-0.927917
-0.941736
-0.964405
-0.949435
-0.928257
-0.919193
-0.916954
-0.926820
-0.936909
-0.940626
-0.923315
-0.904460
-0.925022
-0.929476
-0.913154
-0.913776
-0.934043
-0.922677
-0.899112
-0.904479
-0.917599
-0.928409
-0.940443
-0.927261
-0.928540
-0.932584
-0.909005
-0.909115
-0.902010
-0.889669
-0.885517
-0.885724
-0.892413
-0.887929
-0.901675
-0.892428
-0.881028
-0.886196
-0.878137
-0.854639
-0.860695
-0.880885
-0.850569
-0.828991
-0.832433
-0.838371
-0.841694
-0.850025
-0.855557
-0.842693
-0.834165
-0.831791
-0.839902
-0.851631
-0.816447
-0.806642
-0.822959
-0.802815
-0.807102
-0.816086
-0.799523
-0.795897
-0.826236
-0.826981
-0.806350
-0.783067
-0.789510
-0.787713
-0.769993
-0.769354
-0.773579
-0.784720
-0.771020
-0.757744
-0.757567
-0.744945
-0.736299
-0.743607
-0.746935
-0.741787
-0.734544
-0.716336
-0.718020
-0.716775
-0.672538
-0.646080
-0.685830
-0.708349
-0.699921
-0.684826
-0.685181
-0.672570
-0.658598
-0.657049
-0.645022
-0.646677
-0.643120
-0.638177
-0.628503
-0.616864
-0.604842
-0.596537
-0.576747
-0.574046
-0.591634
-0.599054
-0.570939
-0.554737
-0.570675
-0.562603
-0.547386
-0.533922
-0.512507
-0.518075
-0.535168
-0.528959
-0.530982
-0.526759
-0.502736
-0.491052
-0.478045
-0.495757
-0.495707
-0.477994
-0.451346
-0.453102
-0.454400
-0.439803
-0.434564
-0.421660
-0.422737
-0.426493
-0.410932
-0.387938
-0.400678
-0.406780
-0.395250
-0.381729
-0.363239
-0.390052
-0.381625
-0.337690
-0.334095
-0.346866
-0.332996
-0.315800
-0.321081
-0.328526
-0.279329
-0.271581
-0.283810
-0.276595
-0.291336
-0.274940
-0.236005
-0.235273
-0.240837
-0.246068
-0.242998
-0.238993
-0.237237
-0.232788
-0.218929
-0.193644
-0.182180
-0.164861
-0.155184
-0.149874
-0.141855
-0.154596
-0.147431
-0.122420
-0.121183
-0.115562
-0.128005
-0.139184
-0.136633
-0.100316
-0.063706
-0.073818
-0.070220
-0.055216
-0.042476
-0.017012
-0.018139
-0.014846
-0.002824
0.001684
0.014607
0.019286
0.018297
0.023466
0.000302
0.008219
0.035440
0.066239
0.080701
0.065423
0.062094
0.072127
0.075696
0.089589
0.104737
0.112377
0.116692
0.122370
0.134825
0.145129
0.123895
0.128323
0.141915
0.167848
0.192057
0.195266
0.171747
0.178827
0.199987
0.213876
0.236483
0.232356
0.231444
0.249111
0.244116
0.257570
0.254564
0.268050
0.281172
0.281881
0.306864
0.332795
0.328599
0.311991
0.323683
0.326805
0.321803
0.337670
0.359389
0.378359
0.368968
0.352934
0.387637
0.393257
0.374886
0.389935
0.396047
0.416421
0.421169
0.429466
0.450131
0.439488
0.455274
0.465246
0.473057
0.473967
0.457138
0.467035
0.505565
0.525305
0.509917
0.515167
0.520486
0.534904
0.533759
0.516931
0.532590
0.553704
0.553712
0.554812
0.568729
0.566028
0.552402
0.553135
0.581241
0.589639
0.566596
0.592331
0.606627
0.592029
0.621289
0.619380
0.586143
0.594545
0.640136
0.675603
0.664544
0.663411
0.669416
0.658923
0.664427
0.680229
0.681659
0.678932
0.695259
0.700006
0.681749
0.693189
0.700602
0.708580
0.733285
0.743759
0.726200
0.736890
0.739508
0.727940
0.734284
0.763608
0.746685
0.751664
0.784113
0.772463
0.770899
0.775596
0.786620
0.790901
0.768755
0.779866
0.791323
0.787867
0.803537
0.809261
0.803429
0.797682
0.824324
0.854108
0.843585
0.843457
0.827462
0.842521
0.852593
0.853347
0.833161
0.834695
0.842093
0.853987
0.836654
0.834170
0.852407
0.867548
0.860357
0.863674
0.886943
0.892291
0.897273
0.893743
0.898945
0.895463
0.891130
0.898145
0.905226
0.906472
0.895746
0.895661
0.904142
0.908494
0.914397
0.915715
0.920613
0.901783
0.890842
0.907183
0.931303
0.944411
0.933643
0.921980
0.928356
0.925295
0.930822
0.950862
0.928950
0.919841
0.957317
0.956164
0.939019
0.918196
0.892899
0.906627
0.919189
0.904633
0.899974
0.908726
0.904463
0.925894
0.920148
0.907744
0.933282
0.949185
0.971139
0.963721
0.945358
0.933771
0.913516
0.913932
0.936131
0.941753
0.946031
0.942326
0.931536
0.920870
0.934731
0.930952
0.920406
0.931916
0.930829
0.913873
0.906807
0.912829
0.917269
0.922206
0.925584
0.931975
0.911093
0.906256
0.930496
0.920490
0.917643
0.930706
0.920914
0.912093
0.903071
0.897909
0.913350
0.909527
0.898053
0.914516
0.908742
0.895586
0.871888
0.861316
0.875766
0.883475
0.886481
0.876956
0.883156
0.904278
0.894800
0.897805
0.887490
0.883031
0.882259
0.878526
0.871651
0.873828
0.859115
0.851655
0.875100
0.872002
0.854498
0.834362
0.831816
0.827857
0.836017
0.842885
0.849348
0.819560
0.806264
0.826268
0.811363
0.809765
0.808381
0.779307
0.783668
0.788992
0.770507
0.764864
0.783849
0.787938
0.770569
0.764134
0.771999
0.778139
0.763480
0.745994
0.739336
0.716042
0.727508
0.747528
0.757892
0.749464
0.741115
0.723548
0.698070
0.697403
0.708628
0.722410
0.718260
0.707490
0.702536
0.685718
0.689415
0.681174
0.661914
0.675382
0.654888
0.641040
0.650309
0.651728
0.635879
0.644922
0.646094
0.631444
0.624589
0.608975
0.601328
0.602833
0.588553
0.575006
0.565718
0.544003
0.560563
0.558910
0.565309
0.563911
0.530896
0.518919
0.524015
0.513724
0.520867
0.524071
0.521588
0.504642
0.488447
0.494291
0.480833
0.463017
0.468847
0.469962
0.444904
0.455601
0.448353
0.428225
0.430639
0.418243
0.402265
0.414167
0.413054
0.409692
0.390101
0.373561
0.356045
0.346421
0.345647
0.349710
0.371451
0.360861
0.327403
0.311081
0.320121
0.300975
0.297923
0.315723
0.319114
0.300898
0.295681
0.291904
0.274029
0.266269
0.239337
0.217075
0.208522
0.214801
0.238555
0.222671
0.195454
0.195296
0.188260
0.179153
0.178544
0.165388
0.159208
0.162659
0.134342
0.116957
0.118449
0.098365
0.081462
0.107379
0.118865
0.091168
0.068606
0.061245
0.037084
0.045421
0.064603
0.030288
0.034843
0.047238
0.006772
-0.005473
-0.003418
-0.006766
-0.012400
-0.038258
-0.043326
-0.035914
-0.046485
-0.056164
-0.060884
-0.055848
-0.070503
-0.090170
-0.104801
-0.121681
-0.101244
-0.101280
-0.131049
-0.128415
-0.137423
-0.155833
-0.140365
-0.140950
-0.173912
-0.176875
-0.174681
-0.196346
-0.191587
-0.195845
-0.199186
-0.230334
-0.243578
-0.231497
-0.244139
-0.235124
-0.249400
-0.270082
-0.256061
-0.255282
-0.275175
-0.287649
-0.292743
-0.306661
-0.333330
-0.322649
-0.311962
-0.325594
-0.329062
-0.347686
-0.366226
-0.372178
-0.365473
-0.370425
-0.390934
-0.369675
-0.367501
-0.398249
-0.411213
-0.424502
-0.405541
-0.394420
-0.418318
-0.444486
-0.440548
-0.433948
-0.448681
-0.462486
-0.479456
-0.487734
-0.481144
-0.481095
-0.491827
-0.518497
-0.527422
-0.527850
-0.547596
-0.548598
-0.537826
-0.548040
-0.560400
-0.577746
-0.569019
-0.541468
-0.558524
-0.576103
-0.582215
-0.600294
-0.612537
-0.610804
-0.588935
-0.605163
-0.636775
-0.659194
-0.660211
-0.642162
-0.629320
-0.642378
-0.650744
-0.653223
-0.676001
-0.704118
-0.708207
-0.696197
-0.692284
-0.704005
-0.725483
-0.710291
-0.706531
-0.712721
-0.697593
-0.718912
-0.757305
-0.747512
-0.752514
-0.759601
-0.765954
-0.765357
-0.770167
-0.761118
-0.764234
-0.777567
-0.788765
-0.777895
-0.772420
-0.764852
-0.767020
-0.776420
-0.793363
-0.806927
-0.801616
-0.807156
-0.817820
-0.826943
-0.837737
-0.854448
-0.822817
-0.825034
-0.848150
-0.840622
-0.848764
-0.855110
-0.859962
-0.858026
-0.849925
-0.874932
-0.889805
-0.858167
-0.833956
-0.835502
-0.860162
-0.905961
-0.909551
-0.880012
-0.867646
-0.893349
-0.879016
-0.871020
-0.881077
-0.888997
-0.878111
-0.880752
-0.885666
-0.880356
-0.890781
-0.903745
-0.900882
-0.895359
-0.914534
-0.921479
-0.901961
-0.912739
-0.921105
-0.915692
-0.920392
-0.927693
-0.916124
-0.925533
-0.929260
-0.918646
-0.911714
-0.921243
-0.917796
-0.901902
-0.917644
-0.943961
-0.965652
-0.960424
-0.929704
-0.927684
-0.934392
-0.940856
-0.945692
-0.952306
-0.950757
-0.934853
-0.938479
-0.922994
-0.931111
-0.932021
-0.916078
-0.931798
-0.945129
-0.926661
-0.946173
-0.966110
-0.948228
-0.949366
-0.938913
-0.912840
-0.930546
-0.952098
-0.953589
-0.917166
-0.908630
-0.947425
-0.944123
-0.928148
-0.931225
-0.910073
-0.921757
-0.925626
-0.916599
-0.934544
-0.937637
-0.927145
-0.913017
-0.905726
-0.943608
-0.938045
-0.913612
-0.911670
-0.894365
-0.910913
-0.899981
-0.900634
-0.885386
-0.880786
-0.908675
-0.901088
-0.884021
-0.876872
-0.871453
-0.885537
-0.893268
-0.884301
-0.891124
-0.891180
-0.873534
-0.865549
-0.875203
-0.860733
-0.872122
-0.880100
-0.878000
-0.869182
-0.869048
-0.863517
-0.858632
-0.849373
-0.838272
-0.842598
-0.839423
-0.832083
-0.826969
-0.843158
-0.856396
-0.840413
-0.830326
-0.812233
-0.812453
-0.841334
-0.836194
-0.809702
-0.798880
-0.814723
-0.795701
-0.758311
-0.770202
-0.788367
-0.767827
-0.763205
-0.761388
-0.752392
-0.756900
-0.762408
-0.769264
-0.782532
-0.753573
-0.738051
-0.744696
-0.736771
-0.741698
-0.713129
-0.712882
-0.738009
-0.721819
-0.697740
-0.694309
-0.696826
-0.705125
-0.716402
-0.694349
-0.667849
-0.663618
-0.646971
-0.629344
-0.631635
-0.634623
-0.632486
-0.642087
-0.644495
-0.627400
-0.622760
-0.622177
-0.624486
-0.609183
-0.591637
-0.587895
-0.592878
-0.582202
-0.560590
-0.554872
-0.575198
-0.556835
-0.527588
-0.541399
-0.537812
-0.522136
-0.536057
-0.538212
-0.528707
-0.538094
-0.512194
-0.477327
-0.493348
-0.500105
-0.491511
-0.474723
-0.472589
-0.451160
-0.436422
-0.440238
-0.433539
-0.425646
-0.430813
-0.419454
-0.394644
-0.386572
-0.404189
-0.424214
-0.402443
-0.367167
-0.360367
-0.355299
-0.344436
-0.327179
-0.325954
-0.358471
-0.340100
-0.324692
-0.295655
-0.262882
-0.280155
-0.304011
-0.284066
-0.240306
-0.255690
-0.267573
-0.262071
-0.261217
-0.244228
-0.214077
-0.197845
-0.213899
-0.219717
-0.197636
-0.179542
-0.186110
-0.166813
-0.158654
-0.163746
-0.136288
-0.124727
-0.141942
-0.127033
-0.121499
-0.143154
-0.133563
-0.120412
-0.093206
-0.104042
-0.095823
-0.043237
-0.066093
-0.072825
-0.026817
-0.009611
-0.024643
-0.030255
-0.021232
-0.002182
0.027302
0.029144
0.040273
0.032929
0.023750
0.047067
0.052930
0.055455
0.081088
0.068981
0.064286
0.104313
0.102646
0.106618
0.110892
0.133594
0.139168
0.124586
0.132758
0.135125
0.137215
0.144879
0.159921
0.153598
0.164381
0.199961
0.218895
0.201119
0.200803
0.210740
0.230797
0.254776
0.254769
0.251834
0.246587
0.262578
0.266336
0.262560
0.287269
0.286541
0.307082
0.308057
0.303225
0.321161
0.318652
0.334083
0.330195
0.327884
0.358634
0.379737
0.369319
0.385160
0.401598
0.388695
0.390721
0.399429
0.396324
0.409306
0.444327
0.443173
0.431926
0.445449
0.463382
0.477462
0.465684
0.469913
0.481596
0.501751
0.517092
0.507721
0.504952
0.514565
0.510834
0.519501
0.526757
0.523060
0.533178
0.551888
0.564001
0.553376
0.540592
0.545378
0.556957
0.573995
0.576285
0.603860
0.622680
0.585787
0.586592
0.612507
0.590648
0.621832
0.628306
0.609068
0.631575
0.620378
0.640812
0.676468
0.670243
0.655858
0.668580
0.673717
0.675766
0.689984
0.696306
0.695273
0.689398
0.706372
0.715241
0.707866
0.711052
0.733481
0.724365
0.732886
0.749090
0.741142
0.729671
0.731975
0.741115
0.765546
0.771259
0.759554
0.778622
0.776848
0.776574
0.789498
0.772718
0.794501
0.818420
0.805727
0.794324
0.815064
0.813212
0.802952
0.813191
0.812641
0.816005
0.831754
0.831067
0.825138
0.831662
0.853781
0.874579
0.868924
0.855174
0.852422
0.864737
0.876849
0.852923
0.846544
0.866922
0.861372
0.873928
0.854999
0.886984
0.893584
0.860688
0.876580
0.881857
0.875136
0.894058
0.908731
0.905068
0.908767
0.918470
0.919587
0.910213
0.903915
0.916571
0.917413
0.927659
0.941952
0.916690
0.900532
0.907140
0.939039
0.943810
0.917973
0.929358
0.954909
0.949602
0.936917
0.935704
0.906886
0.884459
0.904352
0.918362
0.942542
0.938957
0.910951
0.908472
0.918594
0.947189
0.956857
0.957518
0.948773
0.924943
0.926103
0.950537
0.977817
0.956599
0.923652
0.917414
0.932396
0.940917
0.933229
0.947014
0.946466
0.937838
0.925274
0.937499
0.935536
0.925032
0.948048
0.946541
0.941888
0.936086
0.907045
0.933064
0.964521
0.931482
0.915329
0.932118
0.932593
0.912033
0.922964
0.936119
0.913586
0.916810
0.912409
0.896914
0.901543
0.908546
0.906751
0.908433
0.906979
0.903319
0.906113
0.899828
0.893436
0.889436
0.881352
0.879506
0.882966
0.897807
0.916095
0.900145
0.895108
0.891064
0.870202
0.870048
0.884499
0.892006
0.856876
0.855866
0.849108
0.840901
0.846551
0.839814
0.837271
0.835390
0.822392
0.817804
0.846128
0.849609
0.814942
0.805530
0.838000
0.816080
0.821366
0.820922
0.799699
0.796088
0.802885
0.795160
0.788366
0.788862
0.769252
0.779186
0.798869
0.778409
0.764204
0.772996
0.777736
0.755153
0.727490
0.721298
0.748255
0.754038
0.709363
0.700549
0.731232
0.729419
0.707264
0.702923
0.718202
0.729477
0.711034
0.676777
0.668108
0.656472
0.660830
0.667926
0.659272
0.645272
0.622728
0.620781
0.652756
0.646484
0.629103
0.620215
0.601182
0.621594
0.629380
0.619100
0.591433
0.572673
0.572464
0.580317
0.584436
0.561414
0.541060
0.543876
0.543018
0.529634
0.531551
0.540557
0.523512
0.503537
0.504116
0.530743
0.540454
0.517868
0.485437
0.488598
0.482701
0.456476
0.451461
0.445406
0.444191
0.440729
0.434019
0.431627
0.412186
0.395837
0.419717
0.403352
0.398629
0.428033
0.404145
0.367892
0.367288
0.351815
0.337191
0.343735
0.346612
0.339251
0.323136
0.310546
0.299595
0.306824
0.292994
0.299487
0.298225
0.294120
0.279072
0.257642
0.255557
0.250720
0.226903
0.224866
0.229842
0.215060
0.203694
0.203535
0.209192
0.176597
0.173429
0.190505
0.172726
0.146899
0.140643
0.141492
0.129188
0.133553
0.116056
0.107528
0.105970
0.070036
0.079166
0.075813
0.043836
0.053828
0.043069
0.041335
0.037275
0.003471
-0.002005
0.005579
0.022816
0.010794
-0.014425
-0.004256
0.008733
-0.016638
-0.054820
-0.055229
-0.059173
-0.059526
-0.086346
-0.098360
-0.062324
-0.068441
-0.101144
-0.106742
-0.091112
-0.099608
-0.122240
-0.142098
-0.145071
-0.122824
-0.144246
-0.163304
-0.175429
-0.205924
-0.169723
-0.148100
-0.187742
-0.227875
-0.220706
-0.214215
-0.215906
-0.221742
-0.233292
-0.246460
-0.250059
-0.253802
-0.277410
-0.274142
-0.287772
-0.320564
-0.308025
-0.277416
-0.276651
-0.321551
-0.352859
-0.334933
-0.361833
-0.355760
-0.352430
-0.366518
-0.387216
-0.407936
-0.389384
-0.378832
-0.385785
-0.409683
-0.395796
-0.401146
-0.428461
-0.437736
-0.452768
-0.463048
-0.455734
-0.439419
-0.452902
-0.442962
-0.465818
-0.485796
-0.512139
-0.520044
-0.484353
-0.494789
-0.509062
-0.515904
-0.530513
-0.524136
-0.529712
-0.538554
-0.533290
-0.547675
-0.583145
-0.586456
-0.584288
-0.593910
-0.601916
-0.612529
-0.621174
-0.622665
-0.621155
-0.618721
-0.631710
-0.651708
-0.657471
-0.651810
-0.665300
-0.661802
-0.671074
-0.687927
-0.689089
-0.686016
-0.674598
-0.683675
-0.701442
-0.725368
-0.723529
-0.702022
-0.700095
-0.715637
-0.734259
-0.746038
-0.736263
-0.727703
-0.738123
-0.752180
-0.754348
-0.751602
-0.763483
-0.772438
-0.764478
-0.756591
-0.751865
-0.754774
-0.795933
-0.772105
-0.767298
-0.786255
-0.772455
-0.797009
-0.806594
-0.783723
-0.802190
-0.819252
-0.822301
-0.817415
-0.815953
-0.837084
-0.852392
-0.838987
-0.835053
-0.834627
-0.840437
-0.853452
-0.844691
-0.858892
-0.873015
-0.874712
-0.876060
-0.860489
-0.860699
-0.861209
-0.851567
-0.857810
-0.858484
-0.868465
-0.880871
-0.876386
-0.891428
-0.901204
-0.904626
-0.906886
-0.901114
-0.890207
-0.896378
-0.910684
-0.901469
-0.904805
-0.895467
-0.905477
-0.907194
-0.897728
-0.918441
-0.932965
-0.915585
-0.909708
-0.915190
-0.923378
-0.928012
-0.920212
-0.940598
-0.940240
-0.925981
-0.931141
-0.937348
-0.933641
-0.956405
-0.978771
-0.941627
-0.919730
-0.939809
-0.946352
-0.953267
-0.947577
-0.943810
-0.945540
-0.939954
-0.942176
-0.944623
-0.949606
-0.937651
-0.929101
-0.929633
-0.952274
-0.950448
-0.932550
-0.951629
-0.960093
-0.944770
-0.944663
-0.938783
-0.921288
-0.926299
-0.926143
-0.950368
-0.954925
-0.918773
-0.915665
-0.910020
-0.927361
-0.944939
-0.932832
-0.938626
-0.932043
-0.908487
-0.925373
-0.945947
-0.926335
-0.921843
-0.915340
-0.912913
-0.921352
-0.908102
-0.910882
-0.915320
-0.908568
-0.914894
-0.905760
-0.910836
-0.923308
-0.924912
-0.903987
-0.891921
-0.882638
-0.877618
-0.872857
-0.890154
-0.898944
-0.898532
-0.904597
-0.864845
-0.875865
-0.890123
-0.876223
-0.859897
-0.856401
-0.867228
-0.879194
-0.871786
-0.857242
-0.877803
-0.869657
-0.842125
-0.840497
-0.837515
-0.827365
-0.809587
-0.798231
-0.813985
-0.802723
-0.808540
-0.816081
-0.804049
-0.805647
-0.808972
-0.815200
-0.782946
-0.779113
-0.781599
-0.770301
-0.763160
-0.781063
-0.790172
-0.758428
-0.744875
-0.759947
-0.768817
-0.758871
-0.744118
-0.743947
-0.740459
-0.732575
-0.729206
-0.712729
-0.706779
-0.692738
-0.688490
-0.685135
-0.680668
-0.693000
-0.696542
-0.697855
-0.680050
-0.653739
-0.676765
-0.673366
-0.655530
-0.648111
-0.644707
-0.641293
-0.636234
-0.625801
-0.600879
-0.605347
-0.611621
-0.618467
-0.605027
-0.590652
-0.585643
-0.550250
-0.554985
-0.574422
-0.550013
-0.554821
-0.574817
-0.564406
-0.544702
-0.538234
-0.519485
-0.510512
-0.501653
-0.503697
-0.508522
-0.492782
-0.483358
-0.499639
-0.478345
-0.455783
-0.466543
-0.447928
-0.434682
-0.423857
-0.433258
-0.454568
-0.420112
-0.418000
-0.431189
-0.423164
-0.424499
-0.395815
-0.373093
-0.371800
-0.386662
-0.405293
-0.389043
-0.346950
-0.337377
-0.330056
-0.316536
-0.336933
-0.343378
-0.306298
-0.287589
-0.292649
-0.285369
-0.274920
-0.257760
-0.254313
-0.239872
-0.224331
-0.247590
-0.251775
-0.220222
-0.198303
-0.190112
-0.166273
-0.170895
-0.190931
-0.197164
-0.199127
-0.180753
-0.139245
-0.150571
-0.156079
-0.133653
-0.134435
-0.110874
-0.095588
-0.113044
-0.101448
-0.099940
-0.096715
-0.080499
-0.048616
-0.065343
-0.087769
-0.037064
-0.011436
-0.039962
-0.028722
-0.003576
0.003654
0.031675
0.028219
0.014877
0.007003
0.025033
0.062228
0.065399
0.063504
0.074717
0.079492
0.085265
0.100329
0.111772
0.131420
0.123284
0.109732
0.139049
0.160847
0.139883
0.158372
0.177500
0.158252
0.151756
0.173149
0.171824
0.185906
0.216112
0.246006
0.259513
0.227122
0.227182
0.251223
0.272422
0.288644
0.274045
0.272858
0.264245
0.262726
0.280857
0.301787
0.304438
0.311179
0.315227
0.333499
0.362840
0.343784
0.332636
0.356018
0.348325
0.365471
0.367439
0.377135
0.380509
0.366759
0.384270
0.423019
0.406789
0.397225
0.409952
0.419908
0.433652
0.455841
0.467145
0.457492
0.463335
0.472286
0.495781
0.504272
0.519019
0.520552
0.492192
0.492518
0.507182
0.516151
0.529362
0.526680
0.529614
0.548644
0.559922
0.550622
0.562418
0.591696
0.573373
0.569700
0.592311
0.600791
0.598550
0.589107
0.570096
0.582212
0.619401
0.636085
0.664252
0.663333
0.650233
0.652298
0.650507
0.666391
0.685906
0.674767
0.666491
0.671592
0.683391
0.706458
0.709590
0.715276
0.695357
0.692372
0.716740
0.713376
0.713159
0.722747
0.717526
0.705950
0.702396
0.718472
0.739729
0.765091
0.768864
0.766335
0.766635
0.780363
0.796592
0.799251
0.791516
0.769307
0.785074
0.796915
0.773144
0.785549
0.808167
0.814834
0.831720
0.825867
0.812544
0.829746
0.832677
0.838403
0.850504
0.843825
0.856123
0.852476
0.849224
0.857253
0.875522
0.857987
0.850577
0.868035
0.872181
0.860630
0.848196
0.874980
0.881430
0.892103
0.889210
0.872633
0.886617
0.919570
0.909256
0.891103
0.883957
0.893020
0.886705
0.876911
0.897440
0.895803
0.891882
0.896503
0.905349
0.908330
0.914093
0.923783
0.915577
0.931988
0.952192
0.916195
0.894159
0.912754
0.917973
0.914192
0.935366
0.948488
0.928723
0.920093
0.931064
0.935286
0.943702
0.937287
0.922357
0.952041
0.937235
0.914433
0.927555
0.922184
0.921088
0.914515
0.922350
0.962514
0.958553
0.934474
0.940339
0.946493
0.960426
0.961986
0.939357
0.925153
0.929831
0.951591
0.945509
0.923200
0.916599
0.912699
0.931493
0.930204
0.918746
0.930827
0.932724
0.942950
0.955904
0.948267
0.934358
0.939813
0.944094
0.933983
0.914570
0.916496
0.914134
0.883094
0.879270
0.898765
0.913425
0.913242
0.917618
0.906491
0.902322
0.909261
0.915608
0.914897
0.898395
0.896968
0.901275
0.914022
0.885303
0.859416
0.883657
0.900398
0.865870
0.857190
0.882471
0.866368
0.862624
0.875529
0.861931
0.863997
0.865087
0.832430
0.836589
0.853844
0.848174
0.846012
0.856940
0.843908
0.817564
0.822603
0.824969
0.830127
0.827728
0.830298
0.821870
0.812512
0.808000
0.787465
0.772003
0.779851
0.785182
0.777356
0.791248
0.800577
0.786373
0.772304
0.770968
0.785301
0.781057
0.775789
0.767613
0.737590
0.728688
0.728042
0.740496
0.741770
0.725826
0.708804
0.709560
0.710237
0.688529
0.697414
0.708226
0.706258
0.695849
0.688008
0.671442
0.656828
0.659790
0.651334
0.650090
0.651317
0.633446
0.633560
0.651518
0.626118
0.616573
0.627473
0.625385
0.606599
0.580074
0.594114
0.592899
0.589676
0.587991
0.597046
0.603283
0.539784
0.507542
0.535001
0.534602
0.520969
0.540132
0.533283
0.501237
0.499331
0.524960
0.520713
0.494100
0.477080
0.461597
0.461029
0.456581
0.456278
0.472959
0.467271
0.449112
0.422672
0.424074
0.437325
0.416917
0.411162
0.407437
0.406010
0.391910
0.372544
0.368012
0.345224
0.340812
0.347967
0.314493
0.312030
0.326773
0.292350
0.282579
0.308408
0.278493
0.268115
0.288265
0.282368
0.283176
0.262295
0.245613
0.265949
0.275966
0.242796
0.214042
0.226514
0.218164
0.191199
0.201484
0.207336
0.192166
0.179015
0.164122
0.158975
0.135501
0.123183
0.124252
0.107347
0.097584
0.110371
0.116247
0.113532
0.099672
0.086267
0.070624
0.054216
0.055981
0.047211
0.047480
0.064304
0.049645
0.018698
0.004262
-0.009920
-0.005902
-0.005345
-0.017013
-0.009550
-0.014566
-0.050725
-0.084127
-0.052124
-0.044383
-0.062071
-0.055941
-0.059228
-0.097313
-0.116076
-0.093153
-0.104422
-0.105729
-0.107694
-0.132295
-0.151444
-0.157023
-0.165285
-0.181509
-0.176680
-0.175888
-0.176145
-0.194009
-0.201916
-0.235667
-0.246182
-0.222572
-0.207400
-0.216329
-0.240734
-0.236752
-0.252740
-0.292054
-0.284210
-0.274131
-0.293946
-0.302487
-0.300012
-0.314008
-0.321140
-0.324410
-0.322100
-0.343961
-0.349637
-0.346008
-0.359922
-0.380440
-0.397162
-0.419051
-0.417407
-0.404245
-0.421556
-0.437929
-0.428246
-0.419052
-0.431315
-0.440524
-0.463609
-0.463506
-0.461278
-0.469732
-0.473662
-0.480656
-0.486802
-0.492601
-0.496548
-0.485481
-0.482982
-0.537675
-0.530110
-0.526346
-0.514046
-0.532068
-0.536673
-0.545487
-0.556020
-0.561790
-0.586974
-0.598407
-0.605692
-0.609613
-0.604376
-0.607680
-0.617842
-0.603013
-0.600637
-0.634434
-0.644388
-0.642167
-0.658090
-0.673652
-0.668335
-0.655099
-0.658997
-0.669449
-0.666716
-0.677600
-0.690790
-0.705421
-0.704943
-0.681734
-0.704168
-0.707681
-0.685713
-0.715929
-0.726690
-0.717505
-0.729039
-0.736215
-0.735833
-0.751813
-0.770287
-0.749087
-0.755395
-0.747315
-0.754372
-0.763854
-0.752929
-0.770095
-0.776166
-0.789845
-0.795957
-0.781014
-0.795026
-0.818622
-0.805733
-0.799942
-0.800920
-0.800435
-0.839463
-0.859684
-0.836122
-0.833733
-0.828099
-0.817690
-0.828120
-0.849223
-0.842650
-0.839377
-0.852665
-0.861104
-0.837050
-0.847996
-0.881711
-0.884557
-0.893360
-0.874015
-0.861399
-0.885151
-0.886580
-0.868432
-0.875250
-0.871751
-0.873535
-0.891960
-0.885486
-0.887168
-0.899463
-0.902022
-0.905177
-0.900877
-0.903378
-0.899019
-0.901925
-0.912765
-0.899063
-0.911893
-0.932011
-0.922955
-0.929658
-0.930073
-0.948088
-0.934147
-0.924656
-0.927714
-0.940031
-0.940460
-0.905649
-0.914183
-0.940182
-0.950955
-0.949878
-0.939162
-0.929250
-0.940721
-0.957194
-0.949508
-0.929630
-0.952475
-0.948303
-0.933579
-0.931053
-0.938367
-0.947921
-0.935209
-0.936112
-0.938170
-0.954188
-0.946613
-0.915523
-0.936008
-0.933447
-0.918827
-0.942102
-0.939799
-0.932421
-0.944922
-0.954400
-0.926088
-0.927510
-0.933390
-0.907971
-0.901930
-0.919403
-0.922414
-0.944004
-0.955508
-0.920502
-0.921513
-0.944776
-0.938226
-0.934607
-0.925676
-0.926572
-0.927620
-0.938464
-0.937215
-0.922199
-0.941625
-0.934969
-0.897083
-0.877082
-0.898886
-0.896735
-0.869385
-0.893348
-0.920642
-0.917484
-0.900575
-0.883148
-0.882931
-0.905007
-0.895908
-0.880545
-0.890733
-0.871804
-0.860557
-0.858902
-0.865801
-0.858585
-0.863634
-0.867461
-0.850330
-0.863700
-0.884853
-0.890453
-0.855581
-0.825978
-0.823004
-0.835648
-0.836401
-0.843198
-0.850193
-0.844516
-0.808117
-0.799596
-0.809789
-0.800852
-0.795094
-0.805382
-0.802426
-0.766911
-0.782609
-0.775011
-0.751125
-0.756001
-0.767225
-0.754889
-0.753836
-0.755421
-0.731415
-0.734855
-0.763473
-0.745590
-0.713918
-0.712583
-0.725182
-0.743739
-0.738868
-0.708490
-0.702154
-0.714548
-0.680062
-0.661341
-0.673744
-0.689115
-0.679351
-0.674882
-0.684373
-0.660790
-0.657682
-0.641495
-0.652730
-0.655097
-0.630452
-0.637873
-0.618646
-0.587836
-0.602379
-0.623340
-0.602349
-0.598793
-0.580044
-0.582414
-0.589619
-0.581927
-0.577716
-0.583764
-0.574424
-0.542057
-0.541354
-0.548997
-0.537361
-0.501251
-0.488676
-0.472383
-0.472099
-0.486656
-0.491313
-0.508049
-0.501380
-0.479294
-0.452461
-0.446062
-0.440360
-0.441630
-0.472024
-0.464097
-0.454142
-0.446598
-0.421990
-0.382922
-0.362617
-0.375700
-0.388458
-0.396693
-0.383554
-0.386086
-0.357910
-0.337251
-0.336531
-0.329901
-0.326797
-0.304955
-0.299060
-0.319449
-0.313513
-0.276980
-0.271608
-0.275338
-0.256109
-0.229034
-0.226603
-0.240137
-0.248720
-0.229041
-0.210372
-0.226277
-0.239558
-0.209351
-0.179281
-0.157645
-0.160966
-0.166373
-0.161827
-0.159430
-0.144496
-0.153564
-0.165425
-0.152912
-0.129617
-0.111933
-0.095720
-0.089457
-0.100691
-0.104595
-0.070912
-0.040317
-0.039185
-0.027657
-0.026046
-0.033410
-0.044948
-0.034503
-0.024470
-0.014778
0.003953
0.016507
0.034663
0.032657
0.019442
0.022789
0.052757
0.083811
0.070514
0.065863
0.104741
0.102808
0.102213
0.102620
0.096698
0.097732
0.132567
0.146896
0.130818
0.144121
0.155795
0.143612
0.152945
0.162218
0.173442
0.193228
0.205351
0.212920
0.196569
0.201137
0.232432
0.254426
0.258150
0.262085
0.264943
0.287193
0.298664
0.301252
0.284163
0.294361
0.301491
0.287954
0.303782
0.329685
0.320280
0.329445
0.341793
0.349910
0.346214
0.340389
0.348852
0.369813
0.384213
0.395496
0.413684
0.415346
0.404672
0.426879
0.416181
0.417080
0.445746
0.461313
0.473233
0.456494
0.454578
0.464870
0.478360
0.491487
0.501742
0.494917
0.489993
0.520660
0.526718
0.530159
0.557136
0.525455
0.529932
0.542988
0.533922
0.542239
0.541397
0.563393
0.559760
0.572795
0.581096
0.580202
0.592542
0.594008
0.609791
0.610436
0.625200
0.639239
0.635907
0.642385
0.642850
0.621560
0.619736
0.651510
0.680586
0.679280
0.662600
0.665816
0.688854
0.692896
0.723048
0.715273
0.718758
0.728082
0.699565
0.692363
0.717863
0.764104
0.749265
0.728920
0.755975
0.770811
0.743076
0.745254
0.755557
0.749501
0.758619
0.773724
0.781380
0.791098
0.801661
0.805893
0.796600
0.802310
0.803046
0.811978
0.828466
0.818459
0.830685
0.819342
0.794484
0.824737
0.847224
0.836089
0.832603
0.826591
0.838592
0.852685
0.862278
0.854609
0.856272
0.851822
0.856617
0.864126
0.866122
0.887638
0.880827
0.893211
0.869984
0.859472
0.874475
0.878860
0.894104
0.895581
0.898474
0.911616
0.892783
0.898659
0.899450
0.894981
0.910064
0.913792
0.908388
0.886358
0.888641
0.897918
0.912514
0.925337
0.920561
0.934612
0.929845
0.915605
0.929159
0.932751
0.927110
0.935869
0.950353
0.938059
0.935290
0.943650
0.915445
0.918766
0.938151
0.915757
0.923215
0.926398
0.917178
0.933048
0.955415
0.950930
0.933925
0.918018
0.911602
0.951166
0.953517
0.926616
0.931733
0.936113
0.941416
0.939607
0.949264
0.946941
0.950748
0.966991
0.951867
0.932876
0.935112
0.948913
0.944124
0.929917
0.933685
0.924917
0.942555
0.948817
0.924056
0.924590
0.918472
0.914432
0.927899
0.944187
0.931338
0.909203
0.879382
0.878314
0.907634
0.920068
0.915794
0.922362
0.924587
0.906085
0.888329
0.888031
0.887846
0.894467
0.888827
0.869867
0.885596
0.890536
0.901571
0.896709
0.870967
0.863298
0.865015
0.871398
0.868094
0.855712
0.877578
0.898251
0.877934
0.861083
0.855276
0.853661
0.853293
0.828651
0.811329
0.833616
0.847418
0.865203
0.852008
0.819246
0.807681
0.811650
0.806421
0.806253
0.814095
0.824305
0.823086
0.805933
0.775115
0.781242
0.778939
0.752366
0.764771
0.794316
0.779209
0.774034
0.763069
0.751267
0.749280
0.740733
0.742467
0.746858
0.737617
0.735165
0.728186
0.729259
0.717269
0.719696
0.711537
0.682440
0.705368
0.724668
0.697758
0.695885
0.703316
0.684207
0.679253
0.669851
0.657574
0.668433
0.655888
0.614302
0.609044
0.641469
0.635306
0.630012
0.625091
0.591228
0.571171
0.585304
0.603442
0.598554
0.583805
0.572526
0.562072
0.556499
0.542718
0.538031
0.526478
0.518943
0.529275
0.505629
0.518536
0.509980
0.501627
0.507693
0.528267
0.541118
0.504812
0.498146
0.482352
0.463567
0.466339
0.453358
0.412954
0.416094
0.418988
0.416665
0.410934
0.419139
0.413518
0.401113
0.414737
0.396377
0.359347
0.337612
0.326370
0.324256
0.325037
0.328929
0.331423
0.347394
0.344409
0.311214
0.302460
0.297219
0.297989
0.296100
0.290747
0.293915
0.283586
0.262789
0.240475
0.223176
0.216433
0.215537
0.234179
0.221036
0.223368
0.216338
0.192075
0.172615
0.172720
0.183886
0.180016
0.165361
0.160891
0.120639
0.106994
0.112679
0.108540
0.113816
0.094234
0.088211
0.077358
0.066593
0.058401
0.049274
0.059633
0.053032
0.034870
0.020634
0.012483
0.027895
0.011735
0.000185
-0.014063
-0.035176
-0.029160
-0.033366
-0.036180
-0.030608
-0.051737
-0.042160
-0.035343
-0.050860
-0.063641
-0.068150
-0.066714
-0.085421
-0.090283
-0.085592
-0.128879
-0.163859
-0.167829
-0.136018
-0.155740
-0.178684
-0.175066
-0.165439
-0.180131
-0.181628
-0.188283
-0.212900
-0.213096
-0.206322
-0.225854
-0.241780
-0.248504
-0.254689
-0.271083
-0.278468
-0.280724
-0.274540
-0.285610
-0.282279
-0.274944
-0.309528
-0.317903
-0.311601
-0.340833
-0.339210
-0.323296
-0.351248
-0.393757
-0.381171
-0.368730
-0.402843
-0.410275
-0.390585
-0.441710
-0.450632
-0.401395
-0.405335
-0.432537
-0.454790
-0.471798
-0.457740
-0.447360
-0.452762
-0.464605
-0.490221
-0.486958
-0.476699
-0.490401
-0.522540
-0.522662
-0.521260
-0.533434
-0.540691
-0.555942
-0.543579
-0.542170
-0.539908
-0.561242
-0.555934
-0.542776
-0.575491
-0.584225
-0.582775
-0.577458
-0.580330
-0.584457
-0.606335
-0.630406
-0.619386
-0.630254
-0.635764
-0.631443
-0.649596
-0.665509
-0.651242
-0.655853
-0.662960
-0.651601
-0.665749
-0.682242
-0.685604
-0.680659
-0.681474
-0.689397
-0.696278
-0.705897
-0.724695
-0.699582
-0.702352
-0.719832
-0.724234
-0.768480
-0.774425
-0.741366
-0.761128
-0.774182
-0.770469
-0.769278
-0.765494
-0.767389
-0.754529
-0.775828
-0.776163
-0.798999
-0.809665
-0.788053
-0.782472
-0.807007
-0.814610
-0.815847
-0.821234
-0.825492
-0.809856
-0.790551
-0.799168
-0.811588
-0.830668
-0.848657
-0.861467
-0.857067
-0.846118
-0.844763
-0.833235
-0.866225
-0.853009
-0.854458
-0.886017
-0.868218
-0.853536
-0.870461
-0.861332
-0.867020
-0.897429
-0.885883
-0.881861
-0.896226
-0.891408
-0.899424
-0.908070
-0.910725
-0.906165
-0.902799
-0.915266
-0.907770
-0.891033
-0.886670
-0.891062
-0.912387
-0.906764
-0.909040
-0.933548
-0.926424
-0.917382
-0.934163
-0.942754
-0.934022
-0.934085
-0.921716
-0.939064
-0.933710
-0.926140
-0.932858
-0.930679
-0.935478
-0.933058
-0.930939
-0.946372
-0.946615
-0.945977
-0.963889
-0.957570
-0.946586
-0.965286
-0.937553
-0.911162
-0.926746
-0.942610
-0.937566
-0.925309
-0.927510
-0.941017
-0.926150
-0.915626
-0.921211
-0.925165
-0.943436
-0.942378
-0.954064
-0.941510
-0.929740
-0.949711
-0.910837
-0.900110
-0.925287
-0.938516
-0.935690
-0.947632
-0.945793
-0.940041
-0.927982
-0.926584
-0.950201
-0.945487
-0.929687
-0.927075
-0.936005
-0.932747
-0.930047
-0.938807
-0.921960
-0.916059
-0.921985
-0.926995
-0.912996
-0.891254
-0.891690
-0.889537
-0.891403
-0.901762
-0.911427
-0.918137
-0.904653
-0.885690
-0.898905
-0.891783
-0.874929
-0.876635
-0.886024
-0.880285
-0.878724
-0.869047
-0.857046
-0.861459
-0.869339
-0.871898
-0.874915
-0.846635
-0.824120
-0.838749
-0.844871
-0.861176
-0.878052
-0.869759
-0.838173
-0.803840
-0.807610
-0.815533
-0.833118
-0.832833
-0.809191
-0.802102
-0.794678
-0.794200
-0.803738
-0.806186
-0.778914
-0.767146
-0.772888
-0.764075
-0.755653
-0.754810
-0.773604
-0.800799
-0.779838
-0.742789
-0.725635
-0.727359
-0.711157
-0.714182
-0.727667
-0.736999
-0.723825
-0.704552
-0.699327
-0.704934
-0.698031
-0.677346
-0.681044
-0.677915
-0.665802
-0.674777
-0.674636
-0.651640
-0.644139
-0.645403
-0.646176
-0.631579
-0.630453
-0.626597
-0.607218
-0.601287
-0.609638
-0.607047
-0.600771
-0.601094
-0.598388
-0.597739
-0.559304
-0.544652
-0.566035
-0.569836
-0.549087
-0.548620
-0.552682
-0.513646
-0.512172
-0.546430
-0.537569
-0.509095
-0.494571
-0.496430
-0.498213
-0.473021
-0.442799
-0.445684
-0.459327
-0.463416
-0.455061
-0.434845
-0.417785
-0.401166
-0.395651
-0.406936
-0.429678
-0.436463
-0.406407
-0.375306
-0.348020
-0.348194
-0.373133
-0.358761
-0.360278
-0.367606
-0.323799
-0.303904
-0.318666
-0.316968
-0.309868
-0.319110
-0.286384
-0.285012
-0.295785
-0.271731
-0.254748
-0.261515
-0.265563
-0.251925
-0.226085
-0.206041
-0.211972
-0.209076
-0.193963
-0.208455
-0.213673
-0.201993
-0.187348
-0.171580
-0.158235
-0.134618
-0.147527
-0.124387
-0.113568
-0.147752
-0.130868
-0.109042
-0.109799
-0.102019
-0.080145
-0.064432
-0.049653
-0.070371
-0.067896
-0.033604
-0.042192
-0.048155
-0.043900
-0.035061
-0.005972
-0.007789
-0.002885
0.000437
-0.010528
0.017093
0.048334
0.036516
0.054637
0.053753
0.060558
0.088720
0.085962
0.094264
0.092856
0.081222
0.111857
0.137733
0.123113
0.134645
0.157198
0.150826
0.157486
0.169826
0.171350
0.165509
0.163828
0.165476
0.179859
0.203261
0.216556
0.222747
0.220165
0.237832
0.259985
0.260510
0.258668
0.260431
0.284390
0.292734
0.300659
0.310424
0.332941
0.340963
0.314206
0.338927
0.350132
0.346613
0.352807
0.362786
0.375947
0.387324
0.381088
0.363027
0.348364
0.364249
0.382848
0.406216
0.424180
0.447790
0.454828
0.439572
0.438288
0.450320
0.449124
0.448748
0.492266
0.498466
0.490380
0.497081
0.501237
0.501256
0.498697
0.508198
0.537966
0.540401
0.543348
0.555130
0.567754
0.537329
0.515712
0.550122
0.564335
0.589656
0.605390
0.570152
0.560653
0.588453
0.594515
0.615399
0.631784
0.638791
0.636925
0.616929
0.622725
0.639464
0.642179
0.671558
0.666410
0.664413
0.676646
0.668079
0.670430
0.703472
0.690445
0.681663
0.697476
0.706959
0.700017
0.709873
0.710699
0.710310
0.722015
0.728789
0.744853
0.731096
0.743327
0.758350
0.770112
0.793739
0.784322
0.783785
0.786950
0.760421
0.773714
0.802303
0.796868
0.806192
0.806124
0.791016
0.776506
0.809428
0.837851
0.835755
0.829066
0.822261
0.825425
0.845048
0.824739
0.804159
0.817167
0.839167
0.858891
0.859436
0.874298
0.861142
0.827130
0.820110
0.835447
0.873573
0.906352
0.889446
0.878253
0.881447
0.891058
0.883980
0.885398
0.883341
0.868746
0.875544
0.872485
0.882932
0.878300
0.869293
0.886218
0.894925
0.911040
0.904672
0.894466
0.901473
0.891372
0.890695
0.931789
0.944140
0.922937
0.916681
0.925079
0.924335
0.903737
0.932174
0.953226
0.937314
0.933786
0.935910
0.937417
0.941521
0.936396
0.933813
0.929871
0.927203
0.939510
0.942542
0.931747
0.919938
0.930051
0.942512
0.942623
0.944548
0.938172
0.930438
0.947467
0.951762
0.948846
0.951022
0.955314
0.961156
0.958493
0.942795
0.948616
0.964519
0.953149
0.945059
0.932400
0.921637
0.915766
0.928364
0.955230
0.945955
0.932700
0.931709
0.925196
0.919199
0.918971
0.935754
0.925198
0.922846
0.943322
0.922902
0.908696
0.924964
0.905317
0.900213
0.911211
0.923257
0.923608
0.907826
0.908249
0.914805
0.918052
0.915554
0.929778
0.927796
0.903278
0.872997
0.868837
0.893222
0.881395
0.869775
0.864846
0.880474
0.889553
0.855185
0.838023
0.846703
0.854088
0.855157
0.831804
0.827351
0.847027
0.848067
0.851107
0.847862
0.854417
0.858619
0.843721
0.842176
0.829412
0.794713
0.800680
0.821135
0.825801
0.820427
0.793591
0.800375
0.798066
0.787628
0.785403
0.798173
0.768563
0.758927
0.777828
0.760622
0.766596
0.761635
0.748563
0.728177
0.720178
0.732851
0.732041
0.732004
0.732574
0.701395
0.675165
0.683500
0.717477
0.734765
0.732925
0.715131
0.681452
0.678285
0.688859
0.679072
0.659850
0.649081
0.657358
0.683595
0.661880
0.642374
0.650644
0.647705
0.617221
0.614786
0.592190
0.596840
0.626010
0.617004
0.609811
0.597441
0.578242
0.568682
0.559940
0.581821
0.574647
0.564292
0.579977
0.544521
0.520623
0.537034
0.519304
0.502327
0.511860
0.514950
0.516011
0.508321
0.493277
0.479172
0.467165
0.457408
0.455975
0.451668
0.438442
0.436866
0.449665
0.426417
0.396966
0.396184
0.387454
0.401205
0.409262
0.402831
0.375399
0.360173
0.367512
0.362874
0.340074
0.332473
0.334768
0.347875
0.324729
0.318635
0.335295
0.308166
0.297198
0.299330
0.293704
0.263790
0.259814
0.268594
0.258006
0.259227
0.238316
0.229688
0.217855
0.237568
0.212488
0.194847
0.201639
0.179927
0.155124
0.141759
0.149152
0.164395
0.163901
0.131015
0.121996
0.116041
0.103575
0.104526
0.099260
0.108329
0.102183
0.089818
0.086047
0.068564
0.038582
0.058268
0.063921
0.015041
0.025691
0.037002
-0.006613
-0.009963
0.002980
-0.006637
-0.004631
-0.041903
-0.051282
-0.020498
-0.019516
-0.044056
-0.080472
-0.091777
-0.105922
-0.114004
-0.105383
-0.093024
-0.099396
-0.124275
-0.140163
-0.132183
-0.102606
-0.120556
-0.155760
-0.160327
-0.169888
-0.197976
-0.189172
-0.174195
-0.205738
-0.210584
-0.188242
-0.205038
-0.241302
-0.246110
-0.263883
-0.275677
-0.270234
-0.276348
-0.283427
-0.302375
-0.309791
-0.319960
-0.309016
-0.325298
-0.321674
-0.334708
-0.342514
-0.331824
-0.350421
-0.341657
-0.342716
-0.384048
-0.398727
-0.377287
-0.379999
-0.393430
-0.402255
-0.411267
-0.436960
-0.446581
-0.423073
-0.404825
-0.446837
-0.465468
-0.476591
-0.495635
-0.494716
-0.479279
-0.465540
-0.462652
-0.481926
-0.518635
-0.519123
-0.517923
-0.523881
-0.514002
-0.523585
-0.549510
-0.545687
-0.531304
-0.569612
-0.573423
-0.564926
-0.572593
-0.567101
-0.572694
-0.591578
-0.607001
-0.629206
-0.618251
-0.606947
-0.624484
-0.628296
-0.635614
-0.634097
-0.636382
-0.636529
-0.652180
-0.644770
-0.649337
-0.667415
-0.682020
-0.698932
-0.694765
-0.659079
-0.676789
-0.703352
-0.692340
-0.708496
-0.713694
-0.732040
-0.733237
-0.741385
-0.732149
-0.709431
-0.722704
-0.748136
-0.761094
-0.749490
-0.751138
-0.768813
-0.790707
-0.788479
-0.781383
-0.783651
-0.785445
-0.791006
-0.794312
-0.785894
-0.785134
-0.803393
-0.815888
-0.817947
-0.828874
-0.850132
-0.834575
-0.816237
-0.813305
-0.830772
-0.844869
-0.835452
-0.824016
-0.831756
-0.848948
-0.860956
-0.857718
-0.850771
-0.877591
-0.875073
-0.869207
-0.870225
-0.869268
-0.867293
-0.877688
-0.892893
-0.919239
-0.928091
-0.911072
-0.894404
-0.887311
-0.877572
-0.890027
-0.899554
-0.890673
-0.895354
-0.915747
-0.927977
-0.913024
-0.922324
-0.933745
-0.914698
-0.899767
-0.892047
-0.894601
-0.898413
-0.906521
-0.913031
-0.923775
-0.950682
-0.972512
-0.948456
-0.900400
-0.914662
-0.962600
-0.973267
-0.952306
-0.942853
-0.933898
-0.935088
-0.938169
-0.919574
-0.909709
-0.925951
-0.935692
-0.936641
-0.944825
-0.954867
-0.961234
-0.952126
-0.945142
-0.931451
-0.928687
-0.920020
-0.935897
-0.954387
-0.952580
-0.950198
-0.954171
-0.950462
-0.948419
-0.955410
-0.942679
-0.939048
-0.938954
-0.936575
-0.939817
-0.950686
-0.958634
-0.946304
-0.933021
-0.936113
-0.935725
-0.944737
-0.940423
-0.910795
-0.921086
-0.940453
-0.927523
-0.915444
-0.926723
-0.914907
-0.896954
-0.909687
-0.936031
-0.946318
-0.934500
-0.912546
-0.903856
-0.920129
-0.911640
-0.900030
-0.898025
-0.894216
-0.911306
-0.895674
-0.882735
-0.889241
-0.867691
-0.866646
-0.884985
-0.882479
-0.888023
-0.871943
-0.862669
-0.858485
-0.875000
-0.866694
-0.852066
-0.873423
-0.863282
-0.845687
-0.849467
-0.855503
-0.852706
-0.849769
-0.817507
-0.799372
-0.809508
-0.809510
-0.829228
-0.845375
-0.815579
-0.807036
-0.808602
-0.818449
-0.797816
-0.787827
-0.780074
-0.790763
-0.782262
-0.744751
-0.759111
-0.789458
-0.757073
-0.747310
-0.766295
-0.764440
-0.755728
-0.753511
-0.751209
-0.737585
-0.735852
-0.744863
-0.726775
-0.713155
-0.708136
-0.706446
-0.699798
-0.693303
-0.680498
-0.673698
-0.669916
-0.686344
-0.676896
-0.647804
-0.639468
-0.649778
-0.646572
-0.614730
-0.619767
-0.633288
-0.627288
-0.633319
-0.633150
-0.607385
-0.599230
-0.618179
-0.618482
-0.592430
-0.567490
-0.586688
-0.573358
-0.536955
-0.548740
-0.572778
-0.552514
-0.528625
-0.541336
-0.537250
-0.548062
-0.529298
-0.515103
-0.517894
-0.478275
-0.463979
-0.490824
-0.490561
-0.494766
-0.476331
-0.462923
-0.459758
-0.447278
-0.431715
-0.428410
-0.429465
-0.417725
-0.410910
-0.403154
-0.404348
-0.402161
-0.371735
-0.365978
-0.359342
-0.338205
-0.348288
-0.353252
-0.343666
-0.341876
-0.326590
-0.317741
-0.335041
-0.324056
-0.292944
-0.285443
-0.279588
-0.286359
-0.283993
-0.265104
-0.241177
-0.253414
-0.265456
-0.228216
-0.220571
-0.225644
-0.213754
-0.201731
-0.190331
-0.176554
-0.153825
-0.172633
-0.186719
-0.154197
-0.143887
-0.139056
-0.120974
-0.141264
-0.140887
-0.103624
-0.071712
-0.083515
-0.121656
-0.117307
-0.060666
-0.042621
-0.070201
-0.072773
-0.063584
-0.050035
-0.032412
-0.057900
-0.045635
-0.009695
0.022216
0.049469
0.047418
0.040940
0.033378
0.056926
0.075524
0.067206
0.079073
0.099608
0.082024
0.065850
0.086348
0.087387
0.117622
0.153246
0.143509
0.141075
0.135296
0.137007
0.150940
0.157572
0.155843
0.155124
0.207414
0.237032
0.235708
0.224867
0.209973
0.235852
0.224693
0.228749
0.222173
0.233170
0.268904
0.280057
0.304326
0.282501
0.273574
0.295627
0.320412
0.332027
0.326191
0.350405
0.327089
0.303757
0.328699
0.351087
0.363877
0.359845
0.367783
0.388049
0.396318
0.405990
0.415663
0.422060
0.421627
0.427599
0.433390
0.419511
0.425971
0.461383
0.464463
0.453446
0.479668
0.482776
0.470331
0.486691
0.516271
0.524178
0.514287
0.514142
0.525312
0.525612
0.515791
0.529056
0.544928
0.551522
0.561325
0.565161
0.566782
0.565856
0.578560
0.606096
0.612047
0.580218
0.607571
0.634494
0.627781
0.632383
0.625996
0.650791
0.660159
0.671555
0.690326
0.655344
0.655499
0.672435
0.686333
0.705651
0.667368
0.652194
0.683678
0.691994
0.708219
0.713116
0.703979
0.704855
0.724287
0.724670
0.735719
0.739471
0.728733
0.715003
0.739227
0.766307
0.751254
0.746605
0.755563
0.763990
0.780871
0.793133
0.791484
0.790474
0.792255
0.808365
0.809089
0.791360
0.781397
0.785566
0.798076
0.812197
0.817532
0.820773
0.824247
0.834287
0.822827
0.826336
0.831965
0.804623
0.819614
0.856182
0.861220
0.859221
0.867572
0.893752
0.894709
0.878541
0.873187
0.865366
0.870779
0.879827
0.881346
0.884725
0.891632
0.878490
0.873673
0.875551
0.863209
0.872568
0.881807
0.892367
0.895285
0.905967
0.908684
0.893834
0.908836
0.904577
0.918567
0.901357
0.889220
0.892235
0.901565
0.896962
0.903329
0.932049
0.936174
0.912327
0.914181
0.916690
0.937573
0.942407
0.935383
0.926620
0.916016
0.922373
0.923744
0.931857
0.951889
0.940934
0.935297
0.930595
0.939735
0.954467
0.965095
0.956293
0.957588
0.947217
0.950436
0.935221
0.911689
0.939057
0.927997
0.943104
0.945661
0.927438
0.950002
0.956393
0.947288
0.935810
0.916448
0.923327
0.924306
0.932274
0.939011
0.927969
0.915032
0.928490
0.931034
0.923940
0.930468
0.920655
0.919209
0.908530
0.904291
0.919162
0.924813
0.928923
0.943114
0.935121
0.920057
0.921753
0.934052
0.945260
0.940675
0.912543
0.918041
0.905971
0.878191
0.879150
0.879984
0.874020
0.864750
0.874723
0.892105
0.892328
0.890171
0.902526
0.905241
0.887285
0.883732
0.878744
0.877981
0.874265
0.854393
0.857910
0.864244
0.838903
0.843556
0.868514
0.859718
0.839165
0.823287
0.821531
0.831628
0.820381
0.822771
0.816278
0.788997
0.782733
0.792223
0.812938
0.795114
0.775778
0.789228
0.784500
0.788940
0.802301
0.775968
0.736458
0.758271
0.782391
0.753464
0.720504
0.732355
0.727816
0.732897
0.761474
0.750044
0.738116
0.738207
0.735069
0.711594
0.681373
0.697410
0.723904
0.731117
0.702523
0.696834
0.706979
0.679595
0.670596
0.675637
0.641880
0.649325
0.651018
0.631689
0.610381
0.597021
0.610901
0.633238
0.619983
0.623901
0.633785
0.604178
0.606564
0.614355
0.585404
0.576465
0.565563
0.555023
0.548252
0.538057
0.549183
0.557399
0.536679
0.546809
0.538314
0.530237
0.509656
0.493590
0.477212
0.458611
0.497364
0.503132
0.458554
0.446870
0.454495
0.435726
0.462620
0.473985
0.444748
0.422634
0.400200
0.406747
0.398145
0.398906
0.418387
0.425839
0.406388
0.360603
0.348283
0.357718
0.347744
0.349275
0.354398
0.331119
0.318955
0.323545
0.289703
0.266406
0.278745
0.281805
0.269899
0.263459
0.288442
0.272396
0.233085
0.251665
0.253576
0.224022
0.215389
0.216985
0.213271
0.203324
0.195712
0.164061
0.150902
0.144023
0.138655
0.157070
0.144103
0.122410
0.144216
0.134654
0.101397
0.083035
0.075189
0.069582
0.075867
0.056817
0.043412
0.069757
0.066677
0.055417
0.037840
0.009881
-0.006613
0.010240
0.005461
-0.015908
-0.010425
-0.016500
-0.016614
-0.019602
-0.034512
-0.056952
-0.070892
-0.079454
-0.072010
-0.070043
-0.080175
-0.109747
-0.119046
-0.114161
-0.121934
-0.135582
-0.137359
-0.140470
-0.133005
-0.146591
-0.145614
-0.160845
-0.189581
-0.185983
-0.201335
-0.209532
-0.216444
-0.227874
-0.228343
-0.222875
-0.230923
-0.224519
-0.239999
-0.260417
-0.280061
-0.283984
-0.289105
-0.294403
-0.277226
-0.287491
-0.292170
-0.301059
-0.305107
-0.300958
-0.333244
-0.347980
-0.365084
-0.370543
-0.355927
-0.350564
-0.373082
-0.413902
-0.398699
-0.370560
-0.383922
-0.412803
-0.435768
-0.442446
-0.456180
-0.460082
-0.462551
-0.472027
-0.469720
-0.482464
-0.489085
-0.493623
-0.519351
-0.513586
-0.470400
-0.482876
-0.528177
-0.538015
-0.544621
-0.538501
-0.529727
-0.529795
-0.572074
-0.585716
-0.569835
-0.574370
-0.558506
-0.578150
-0.591721
-0.585934
-0.607093
-0.608831
-0.606230
-0.627021
-0.618944
-0.614181
-0.619165
-0.629879
-0.639923
-0.644845
-0.654508
-0.654921
-0.666650
-0.701190
-0.698317
-0.684174
-0.701124
-0.700998
-0.701452
-0.700407
-0.699786
-0.702645
-0.698854
-0.723469
-0.738617
-0.732756
-0.719924
-0.725322
-0.735109
-0.723162
-0.727110
-0.748259
-0.754488
-0.767405
-0.791053
-0.781953
-0.760959
-0.777211
-0.793850
-0.803183
-0.802051
-0.794327
-0.802786
-0.815232
-0.829544
-0.834722
-0.830172
-0.837908
-0.831344
-0.835781
-0.831838
-0.807561
-0.830210
-0.845184
-0.833871
-0.851832
-0.852853
-0.861046
-0.872100
-0.863869
-0.835503
-0.829960
-0.845270
-0.866556
-0.890606
-0.868681
-0.856788
-0.887975
-0.888720
-0.876839
-0.873364
-0.898108
-0.905620
-0.887807
-0.902780
-0.914711
-0.904251
-0.920090
-0.930212
-0.909003
-0.903256
-0.904937
-0.903908
-0.900539
-0.892287
-0.891818
-0.929374
-0.931760
-0.909106
-0.904759
-0.934177
-0.944837
-0.933961
-0.937730
-0.933030
-0.949717
-0.947867
-0.913152
-0.913880
-0.927959
-0.934150
-0.939785
-0.952753
-0.941606
-0.955902
-0.948456
-0.942442
-0.957524
-0.957826
-0.948455
-0.945705
-0.966591
-0.949091
-0.924700
-0.933532
-0.944283
-0.939031
-0.940284
-0.953378
-0.962687
-0.955633
-0.931917
-0.912898
-0.927244
-0.930813
-0.896414
-0.904065
-0.917561
-0.899714
-0.898293
-0.928482
-0.950017
-0.936248
-0.924767
-0.932863
-0.941864
-0.912618
-0.906936
-0.916787
-0.896587
-0.915127
-0.940331
-0.915317
-0.905486
-0.912138
-0.906860
-0.921188
-0.911474
-0.918255
-0.915119
-0.895219
-0.902742
-0.937274
-0.929781
-0.907767
-0.908227
-0.917215
-0.899421
-0.885250
-0.907571
-0.913829
-0.883685
-0.868806
-0.852921
-0.838382
-0.870506
-0.878855
-0.866614
-0.844577
-0.869776
-0.889443
-0.866454
-0.854187
-0.853806
-0.856419
-0.835181
-0.838774
-0.843567
-0.829943
-0.842476
-0.847799
-0.825693
-0.831250
-0.834051
-0.805325
-0.797405
-0.795353
-0.780941
-0.788616
-0.783548
-0.769556
-0.772445
-0.773701
-0.782094
-0.774060
-0.794425
-0.788934
-0.760914
-0.739602
-0.718948
-0.733251
-0.744747
-0.734150
-0.730336
-0.750709
-0.758413
-0.735354
-0.712046
-0.702716
-0.706370
-0.707254
-0.681785
-0.686804
-0.701418
-0.695566
-0.652172
-0.659180
-0.682241
-0.671894
-0.665657
-0.638329
-0.604463
-0.602804
-0.618035
-0.599827
-0.598652
-0.630744
-0.609317
-0.584956
-0.600345
-0.600729
-0.594623
-0.598865
-0.574662
-0.551699
-0.560159
-0.555031
-0.571424
-0.558712
-0.541229
-0.527162
-0.519379
-0.526858
-0.514648
-0.509693
-0.501661
-0.481798
-0.480807
-0.498663
-0.466375
-0.464402
-0.453683
-0.451458
-0.446573
-0.447345
-0.425393
-0.413197
-0.423356
-0.416675
-0.423684
-0.408587
-0.419710
-0.408515
-0.404850
-0.400436
-0.382522
-0.353225
-0.346490
-0.356793
-0.352757
-0.356850
-0.331039
-0.293078
-0.278900
-0.297189
-0.307497
-0.285527
-0.264514
-0.282571
-0.299538
-0.276164
-0.253550
-0.238519
-0.239688
-0.250236
-0.247928
-0.228003
-0.227518
-0.206203
-0.187324
-0.212825
-0.209361
-0.173758
-0.160973
-0.144914
-0.138743
-0.134117
-0.147227
-0.130692
-0.113163
-0.131373
-0.114375
-0.116665
-0.114962
-0.099999
-0.080097
-0.052614
-0.052778
-0.063188
-0.041349
-0.012180
-0.022350
-0.027023
-0.006772
0.000992
0.000442
0.007827
0.038805
0.043062
0.048790
0.053662
0.026532
0.031509
0.072476
0.060903
0.067352
0.092618
0.091690
0.122056
0.162790
0.147188
0.125859
0.120241
0.145862
0.152261
0.129465
0.142226
0.180492
0.207286
0.199426
0.185091
0.185915
0.206257
0.203844
0.227267
0.251479
0.244556
0.257584
0.235350
0.232149
0.284603
0.297162
0.306336
0.305651
0.320934
0.319690
0.314307
0.327673
0.307881
0.319644
0.345215
0.339764
0.327184
0.341018
0.381248
0.391083
0.378325
0.401974
0.423711
0.423445
0.414924
0.398426
0.432906
0.457295
0.465001
0.487247
0.475056
0.456755
0.459689
0.477025
0.478919
0.489685
0.506510
0.497924
0.493565
0.500616
0.517197
0.544211
0.554386
0.552170
0.539910
0.532834
0.548626
0.568802
0.572086
0.567329
0.586644
0.595834
0.587484
0.602365
0.644486
0.610075
0.574890
0.584101
0.589030
0.629155
0.628026
0.633721
0.665991
0.641809
0.627112
0.651712
0.670716
0.670778
0.653985
0.673422
0.686728
0.688038
0.693924
0.701435
0.705942
0.721883
0.729306
0.711768
0.710620
0.726299
0.726572
0.721403
0.731370
0.738351
0.751882
0.753742
0.772622
0.772432
0.784108
0.800461
0.776241
0.782776
0.789583
0.786361
0.789574
0.787746
0.794557
0.780368
0.762176
0.796648
0.801688
0.813767
0.820010
0.816376
0.816867
0.813232
0.817236
0.817843
0.834234
0.840838
0.850877
0.838513
0.842736
0.849037
0.856150
0.868548
0.865766
0.872841
0.892839
0.919741
0.881542
0.852548
0.878375
0.896528
0.891862
0.882085
0.886996
0.890498
0.894141
0.891953
0.888014
0.890293
0.896539
0.897690
0.904824
0.904453
0.898353
0.918445
0.936049
0.915884
0.920791
0.931729
0.914116
0.920620
0.901581
0.895695
0.896682
0.923044
0.935742
0.917015
0.926093
0.942634
0.923050
0.922093
0.935484
0.942239
0.946773
0.936520
0.937155
0.942136
0.931402
0.934783
0.946994
0.941159
0.941503
0.929565
0.923048
0.911162
0.931933
0.947769
0.944624
0.944174
0.958878
0.971748
0.936002
0.943967
0.962935
0.943962
0.930207
0.911004
0.912839
0.924726
0.943236
0.951783
0.934492
0.946772
0.952491
0.916494
0.907324
0.928288
0.940625
0.944032
0.934537
0.920211
0.952970
0.950798
0.901603
0.909177
0.925693
0.907773
0.911547
0.946853
0.913240
0.881352
0.901485
0.898228
0.868589
0.868255
0.897295
0.909532
0.893602
0.904717
0.910676
0.893641
0.891988
0.878773
0.861781
0.862145
0.872782
0.876747
0.863657
0.846917
0.845092
0.870555
0.851049
0.831881
0.846273
0.839622
0.844909
0.843153
0.837651
0.831345
0.824124
0.817420
0.813139
0.815371
0.825724
0.817445
0.798896
0.804550
0.810737
0.793786
0.792820
0.788022
0.782471
0.791374
0.755838
0.772446
0.791572
0.750708
0.752207
0.777902
0.768083
0.741948
0.753276
0.733911
0.702820
0.715782
0.716415
0.702313
0.718878
0.710396
0.693979
0.688424
0.689566
0.679198
0.693108
0.702222
0.696756
0.704512
0.680877
0.649291
0.663771
0.654729
0.635391
0.628450
0.620801
0.625222
0.630782
0.624176
0.614142
0.620722
0.615238
0.614594
0.600419
0.592437
0.584938
0.579475
0.571997
0.558084
0.572082
0.558183
0.541944
0.564337
0.554144
0.542745
0.526458
0.509861
0.517404
0.512450
0.480609
0.468162
0.490026
0.480707
0.465399
0.454920
0.451412
0.454176
0.445383
0.427260
0.415101
0.434722
0.424569
0.395860
0.404343
0.391796
0.391166
0.385119
0.364241
0.356107
0.345822
0.373555
0.368596
0.326468
0.302409
0.312995
0.325407
0.327933
0.313314
0.316197
0.303895
0.294741
0.285508
0.278831
0.255800
0.253599
0.258673
0.249685
0.243603
0.230450
0.211885
0.197219
0.185829
0.198297
0.189994
0.158637
0.176655
0.168684
0.132507
0.164656
0.176523
0.138313
0.114606
0.113839
0.123026
0.102797
0.082928
0.074805
0.076684
0.062319
0.034809
0.042233
0.049160
0.040460
0.023089
0.012018
0.016623
0.025672
0.036436
0.025658
0.003888
-0.016515
-0.023193
-0.040790
-0.036038
-0.023147
-0.049566
-0.065217
-0.081338
-0.071700
-0.108721
-0.118954
-0.095242
-0.105213
-0.112076
-0.129752
-0.138682
-0.151212
-0.163594
-0.159988
-0.168649
-0.159511
-0.188196
-0.225292
-0.211941
-0.215069
-0.202498
-0.193452
-0.203373
-0.225496
-0.246598
-0.256246
-0.253132
-0.250214
-0.281018
-0.274603
-0.255577
-0.285674
-0.307287
-0.312200
-0.298493
-0.314116
-0.351627
-0.364501
-0.356675
-0.345082
-0.356095
-0.374186
-0.379196
-0.362151
-0.366215
-0.385839
-0.404164
-0.415544
-0.434556
-0.428975
-0.413999
-0.419847
-0.430015
-0.446015
-0.460137
-0.467778
-0.451107
-0.453098
-0.477525
-0.491908
-0.485111
-0.512606
-0.518052
-0.495661
-0.513849
-0.539915
-0.531311
-0.535891
-0.542667
-0.532964
-0.570792
-0.571258
-0.565073
-0.567542
-0.580674
-0.611829
-0.617764
-0.612324
-0.589644
-0.609963
-0.633319
-0.627081
-0.632945
-0.626642
-0.618875
-0.636922
-0.639939
-0.625576
-0.662214
-0.684085
-0.650334
-0.648920
-0.659489
-0.676709
-0.703637
-0.705908
-0.691695
-0.693657
-0.697399
-0.692371
-0.701381
-0.705756
-0.736664
-0.743744
-0.710221
-0.732996
-0.761220
-0.774118
-0.780676
-0.764428
-0.750250
-0.727287
-0.747293
-0.771071
-0.786353
-0.790285
-0.784078
-0.804339
-0.809829
-0.804001
-0.792724
-0.801430
-0.823070
-0.830459
-0.819927
-0.814145
-0.833083
-0.839209
-0.836023
-0.822936
-0.824279
-0.848045
-0.852562
-0.840286
-0.860580
-0.872444
-0.847440
-0.829772
-0.851458
-0.874095
-0.876880
-0.875320
-0.869223
-0.866472
-0.887410
-0.886463
-0.883201
-0.895016
-0.891996
-0.888393
-0.881683
-0.883488
-0.909279
-0.912891
-0.889430
-0.887881
-0.896150
-0.909581
-0.902828
-0.898584
-0.914085
-0.920505
-0.935279
-0.933084
-0.912260
-0.940176
-0.949101
-0.931087
-0.936478
-0.933599
-0.909701
-0.910654
-0.925797
-0.929461
-0.942498
-0.955534
-0.950493
-0.925424
-0.907297
-0.907434
-0.908545
-0.934966
-0.966608
-0.945806
-0.930576
-0.934554
-0.931471
-0.953617
-0.932653
-0.918321
-0.923108
-0.916417
-0.944574
-0.949367
-0.939351
-0.941338
-0.935227
-0.942198
-0.934595
-0.934966
-0.937771
-0.922172
-0.946025
-0.950650
-0.956827
-0.942541
-0.925756
-0.943488
-0.955117
-0.944630
-0.925907
-0.935425
-0.941371
-0.936214
-0.913287
-0.903229
-0.920328
-0.910130
-0.914912
-0.916250
-0.915079
-0.929430
-0.910997
-0.909302
-0.921176
-0.905405
-0.895555
-0.902207
-0.919750
-0.910717
-0.887133
-0.894859
-0.900435
-0.905619
-0.889761
-0.897900
-0.903092
-0.910956
-0.924033
-0.898981
-0.892742
-0.881891
-0.866774
-0.858857
-0.873569
-0.880556
-0.867714
-0.872449
-0.856630
-0.832794
-0.839162
-0.868020
-0.869406
-0.848122
-0.821671
-0.815684
-0.832431
-0.845757
-0.855175
-0.823985
-0.794148
-0.816222
-0.830239
-0.828375
-0.817042
-0.792483
-0.789669
-0.782325
-0.769959
-0.774615
-0.780281
-0.763209
-0.766248
-0.777686
-0.755162
-0.743299
-0.750095
-0.758415
-0.747165
-0.739661
-0.745980
-0.726550
-0.716229
-0.710436
-0.718242
-0.748342
-0.718894
-0.683759
-0.688410
-0.691648
-0.686941
-0.692304
-0.685412
-0.674360
-0.671817
-0.663449
-0.659871
-0.646285
-0.626331
-0.634810
-0.651827
-0.626720
-0.615396
-0.617168
-0.619105
-0.620519
-0.605684
-0.582155
-0.594202
-0.589268
-0.590019
-0.578711
-0.550623
-0.552695
-0.585307
-0.563744
-0.534230
-0.520461
-0.518506
-0.547766
-0.548919
-0.517713
-0.504089
-0.521566
-0.536331
-0.507001
-0.461560
-0.465340
-0.467034
-0.457261
-0.425347
-0.440682
-0.444981
-0.425558
-0.419826
-0.425572
-0.419938
-0.394090
-0.395059
-0.414985
-0.422677
-0.377237
-0.367988
-0.347552
-0.320636
-0.334311
-0.346393
-0.357351
-0.347290
-0.332088
-0.318108
-0.329773
-0.308486
-0.287245
-0.297674
-0.274779
-0.266082
-0.284633
-0.284247
-0.258276
-0.239428
-0.260589
-0.234700
-0.221237
-0.237896
-0.212619
-0.191921
-0.195069
-0.196649
-0.171651
-0.158556
-0.145829
-0.140038
-0.142829
-0.149075
-0.118259
-0.102914
-0.090914
-0.095489
-0.102970
-0.077346
-0.082023
-0.062426
-0.063927
-0.084852
-0.069413
-0.040112
-0.039417
-0.061072
-0.057635
-0.021260
-0.028986
-0.023258
